** デバッグ
|階|地|縦|横|部|幅|モ|店|店ア&br;表|MH|MH&br;種類|迷|埋|水|氷|ギ|ア|罠|店ア|>|>|>|>|仲間|LV|変|ビ|行商|行ア&br;表|水路|湖|店主|店表|池|島|柱|壁|氷&br;部屋|h
|~1|1|4|3|5|2|6|100|1|100|1|0|0|0|0|500|5|5|5|0|0|0|0|0|1|1|1|1|1|0|0|1|1|0|0|0|0|0|
|~2|1|4|3|5|1|6|0|1|0|1|0|0|100|100|500|5|5|5|0|0|0|0|0|1|1|1|1|1|0|0|1|1|0|0|0|0|0|
|~3|1|4|3|5|1|6|0|1|0|1|0|0|0|0|500|5|5|5|0|0|0|0|0|1|1|1|1|1|0|0|1|1|100|100|0|0|0|
|~4|1|4|3|5|1|6|0|1|0|1|0|0|0|0|500|5|5|5|0|0|0|0|0|1|1|1|1|1|0|0|1|1|0|0|100|100|0|
|~5|1|4|3|5|1|6|100|1|0|1|100|100|100|100|500|5|5|5|0|0|0|0|0|1|1|1|1|1|0|0|1|1|100|100|100|100|100|

** シュテン山道初級
|階|地|縦|横|部|幅|モ|店|店ア&br;表|MH|MH&br;種類|迷|埋|水|氷|ギ|ア|罠|店ア|>|>|>|>|仲間|LV|変|ビ|行商|行ア&br;表|水路|湖|店主|店表|池|島|柱|壁|氷&br;部屋|h
|~1|7|3|3|5|1|4|0|1|0|1|0|0|0|0|250|5|0|6|0|0|0|0|0|1|1|5|0|1|0|0|1|1|0|0|0|0|0|
|~2|7|3|3|5|1|5|0|1|0|1|0|0|0|0|250|5|0|6|0|0|0|0|0|1|1|5|0|1|0|0|1|1|0|0|0|0|0|
|~3|7|3|3|5|1|6|0|1|0|1|0|0|0|0|250|5|0|6|0|0|0|0|0|1|1|5|0|1|0|0|1|1|0|0|0|0|0|
|~4|7|3|3|5|1|6|0|1|0|1|0|0|0|0|250|5|0|6|0|0|0|0|0|2|1|5|0|1|0|0|1|1|0|0|0|0|0|
|~5|7|7|7|7|1|6|0|1|0|1|0|0|0|0|250|4|0|6|0|0|0|0|0|2|1|5|0|1|0|0|1|1|0|0|0|0|0|
|~6|7|7|7|7|1|6|0|1|0|1|0|0|0|0|250|5|5|6|0|0|0|0|0|2|1|5|0|1|0|0|1|1|0|0|0|0|0|
|~7|7|3|3|5|1|6|0|1|0|1|0|0|0|0|250|5|6|6|0|0|0|0|0|3|1|5|0|1|0|0|1|1|0|0|0|0|0|
|~8|8|5|5|7|1|6|0|1|0|1|0|0|0|0|250|6|7|6|0|0|0|0|0|3|1|5|0|1|0|0|1|1|0|0|0|0|0|
|~9|7|3|3|5|1|6|0|1|0|1|0|0|0|0|250|7|7|6|0|0|0|0|0|3|1|5|0|1|0|0|1|1|0|0|0|0|0|
|~10|1|3|3|7|1|6|0|1|0|1|0|0|0|0|250|7|7|6|0|0|0|0|0|4|1|5|0|1|0|0|1|1|0|0|0|0|0|
|~11|1|3|3|7|1|6|0|1|0|1|0|0|0|0|250|7|7|6|0|0|0|0|0|4|1|5|0|1|0|0|1|1|0|0|0|0|0|
|~12|1|3|3|7|1|6|0|1|0|1|0|0|0|0|250|6|7|6|0|0|0|0|0|4|1|5|0|1|0|0|1|1|0|0|0|0|0|

** シュテン山道中級
|階|地|縦|横|部|幅|モ|店|店ア&br;表|MH|MH&br;種類|迷|埋|水|氷|ギ|ア|罠|店ア|>|>|>|>|仲間|LV|変|ビ|行商|行ア&br;表|水路|湖|店主|店表|池|島|柱|壁|氷&br;部屋|h
|~1|7|7|7|5|1|4|0|1|0|1|0|0|0|0|350|4|0|7|0|0|0|0|0|1|1|5|0|1|0|0|1|1|0|0|0|0|0|
|~2|7|7|7|5|1|6|0|1|0|1|0|0|0|0|350|4|4|7|0|0|0|0|0|1|1|5|0|1|0|0|1|1|0|0|0|0|0|
|~3|7|3|3|5|1|7|0|1|0|1|0|0|0|0|350|4|5|7|0|0|0|0|0|2|1|5|0|1|0|0|1|1|0|0|0|0|0|
|~4|7|3|3|5|1|7|0|1|0|1|0|0|0|0|350|4|5|7|0|0|0|0|0|2|1|5|0|1|0|0|1|1|0|0|0|0|0|
|~5|7|9|7|8|1|7|0|1|0|1|10|0|0|0|350|4|6|7|0|0|0|0|0|2|1|5|0|1|0|0|1|1|0|0|0|0|0|
|~6|7|3|3|5|1|7|0|1|0|1|10|0|0|0|350|5|8|7|0|0|0|0|0|3|1|5|0|1|0|0|1|1|0|0|0|0|0|
|~7|7|3|3|5|1|7|0|1|0|1|10|0|0|0|350|6|8|7|0|0|0|0|0|3|1|5|0|1|0|0|1|1|0|0|0|0|0|
|~8|1|9|7|9|1|7|20|1|0|1|10|0|0|0|350|5|6|7|0|0|0|0|0|3|1|5|10|1|0|0|1|1|0|10|0|0|0|
|~9|1|3|3|5|1|7|0|1|0|1|0|0|0|0|350|5|7|7|0|10|0|0|0|4|1|5|10|1|0|0|1|1|10|10|0|0|0|
|~10|1|3|3|5|1|7|0|1|0|1|0|0|0|0|350|6|7|7|0|10|0|0|0|4|1|5|10|1|0|0|1|1|10|10|0|0|0|
|~11|1|3|3|5|1|7|0|1|0|1|0|0|0|0|350|6|0|7|0|10|0|0|0|4|1|5|10|1|0|0|1|1|10|10|0|0|0|
|~12|1|3|3|5|1|7|0|1|0|1|0|0|0|0|350|6|0|7|0|10|0|0|0|4|1|5|10|1|0|0|1|1|10|10|0|0|0|
|~13|1|3|3|5|1|6|0|1|0|1|0|0|0|0|150|6|4|7|0|0|0|0|0|4|1|5|0|1|0|0|1|1|10|10|0|0|0|
|~14|1|3|3|5|1|8|10|1|0|1|0|0|0|0|250|0|5|7|0|0|0|0|0|4|1|5|10|1|0|0|1|1|10|10|0|0|0|
|~15|1|3|3|5|1|8|10|1|0|1|10|0|0|0|250|0|5|7|0|0|0|0|0|4|1|5|10|1|0|0|1|1|10|10|0|0|0|

** シュテン山道上級
|階|地|縦|横|部|幅|モ|店|店ア&br;表|MH|MH&br;種類|迷|埋|水|氷|ギ|ア|罠|店ア|>|>|>|>|仲間|LV|変|ビ|行商|行ア&br;表|水路|湖|店主|店表|池|島|柱|壁|氷&br;部屋|h
|~1|7|3|3|5|1|4|0|1|0|1|10|0|0|0|400|5|0|8|0|0|0|0|0|1|1|5|0|1|0|0|1|1|0|0|0|0|0|
|~2|7|3|3|5|1|6|0|1|0|1|10|0|0|0|400|5|5|8|0|0|0|0|0|1|1|5|0|1|0|0|1|1|0|0|0|0|0|
|~3|7|5|5|5|1|7|0|1|0|1|10|0|0|0|400|5|5|8|0|0|0|0|0|2|1|5|3|1|0|0|1|1|0|0|0|0|0|
|~4|8|5|5|6|1|7|0|1|0|1|10|0|0|0|400|5|5|8|0|0|0|0|0|2|1|5|3|1|0|0|1|1|0|0|0|0|0|
|~5|8|7|7|7|1|7|0|1|0|1|10|0|0|0|400|5|6|8|0|0|0|0|0|2|1|5|3|1|0|0|1|1|0|0|0|0|0|
|~6|1|7|7|7|1|7|0|1|0|1|10|0|0|0|400|5|9|8|0|0|0|0|0|2|1|5|3|1|0|0|1|1|0|0|0|0|0|
|~7|3|4|5|7|1|7|20|1|0|1|10|0|0|0|400|4|6|8|0|0|0|0|0|3|1|5|3|1|0|0|1|1|0|0|0|0|0|
|~8|2|5|3|8|1|7|20|1|0|1|10|0|0|0|400|4|8|8|0|0|0|0|0|3|1|5|3|1|0|10|1|1|10|0|0|0|5|
|~9|8|5|3|7|1|7|20|1|0|1|10|0|0|0|400|5|8|8|0|0|0|0|0|3|1|5|10|1|0|10|1|1|10|0|0|0|5|
|~10|2|5|3|6|1|7|0|1|0|1|10|0|0|0|400|6|7|8|0|10|0|0|0|4|1|5|10|1|0|10|1|1|10|10|0|0|5|
|~11|2|5|3|6|1|7|0|1|0|1|10|0|0|0|400|6|7|8|0|10|0|0|0|4|1|5|10|1|0|10|1|1|10|10|0|0|5|
|~12|2|5|3|6|1|7|0|1|0|1|10|0|0|0|1000|5|7|8|0|0|0|0|0|4|1|5|0|1|0|10|1|1|10|10|0|10|5|
|~13|2|5|3|6|1|7|0|1|0|1|10|0|0|0|400|6|7|8|0|10|0|0|0|4|1|5|10|1|0|10|1|1|10|10|10|10|5|
|~14|2|5|3|6|1|7|0|1|0|1|10|0|0|0|400|6|7|8|0|10|0|0|0|4|1|5|10|1|0|10|1|1|10|10|10|10|5|
|~15|2|5|3|6|1|5|0|1|0|1|10|0|0|0|1000|4|0|8|0|0|0|0|0|4|1|5|0|1|0|10|1|1|10|10|10|10|5|
|~16|2|5|3|6|1|5|0|1|0|1|10|0|0|0|250|7|7|8|0|0|0|0|0|4|1|5|10|1|0|10|1|1|10|10|10|10|5|
|~17|2|5|3|6|1|8|0|1|0|1|10|0|0|0|250|7|8|8|0|0|0|0|0|4|1|5|10|1|0|10|1|1|10|10|10|10|5|
|~18|1|5|3|6|1|8|0|1|0|1|10|0|0|0|250|7|8|8|0|0|0|0|0|4|1|5|10|1|0|10|1|1|10|10|10|10|5|

** 鬼ヶ島
|階|地|縦|横|部|幅|モ|店|店ア&br;表|MH|MH&br;種類|迷|埋|水|氷|ギ|ア|罠|店ア|>|>|>|>|仲間|LV|変|ビ|行商|行ア&br;表|水路|湖|店主|店表|池|島|柱|壁|氷&br;部屋|h
|~1|7|7|7|5|1|6|0|2|0|1|10|0|0|0|400|4|0|9|0|100|10|10|10|1|2|6|10|2|0|0|1|1|0|0|0|0|0|
|~2|7|7|5|6|1|6|0|2|6|1|10|0|0|0|400|4|5|9|0|0|10|10|10|1|2|6|10|2|0|0|1|1|0|0|0|0|0|
|~3|8|6|6|7|1|7|0|2|6|1|10|0|0|0|400|4|5|9|0|0|10|10|10|2|2|6|10|2|0|0|1|1|0|0|0|0|0|
|~4|8|6|5|6|1|7|10|2|6|1|10|0|0|0|400|4|6|9|0|0|10|10|0|2|2|6|10|2|0|0|1|1|0|0|0|0|0|
|~5|1|6|5|6|1|8|10|2|6|1|10|0|5|0|400|4|6|9|0|0|10|10|0|3|2|6|10|2|15|100|1|1|15|0|0|0|0|
|~6|2|5|3|6|1|8|10|2|6|1|10|0|5|0|400|4|7|9|0|0|10|10|0|3|2|6|10|2|20|100|1|1|15|15|10|0|0|
|~7|2|5|3|7|1|8|20|2|6|1|10|0|10|0|400|5|7|9|0|0|10|10|0|4|2|6|10|2|25|100|1|2|15|15|10|0|0|
|~8|3|5|5|7|2|8|20|2|8|1|10|0|5|0|400|5|8|9|0|0|10|10|0|4|2|6|10|2|30|100|1|2|15|10|10|10|0|
|~9|1|4|6|7|1|7|20|2|8|1|10|0|0|0|400|5|8|9|0|0|0|0|0|4|2|6|10|2|0|0|1|2|0|10|10|10|0|
|~10|8|4|5|8|2|7|25|2|8|1|10|1|0|0|400|5|8|9|0|0|0|0|0|5|2|6|10|2|0|0|1|2|0|10|10|10|0|
|~11|4|4|5|8|1|7|20|2|8|1|10|1|0|0|400|8|8|9|0|0|0|0|0|5|2|6|10|2|0|0|1|3|0|10|10|10|0|
|~12|1|4|5|8|2|7|20|2|8|1|10|1|0|0|400|8|8|9|0|0|0|0|0|5|2|6|10|2|0|0|1|3|0|10|10|10|0|
|~13|2|4|5|9|1|7|20|2|8|1|10|1|0|5|400|5|8|9|0|0|0|0|0|5|2|6|10|2|0|0|1|3|0|10|10|10|0|
|~14|1|7|5|9|2|8|20|2|8|1|10|1|5|5|400|5|8|9|0|0|0|0|0|5|2|6|10|2|20|100|1|2|15|10|10|10|5|
|~15|8|7|5|9|1|8|20|2|8|1|10|1|5|5|400|4|8|9|0|0|0|0|0|6|2|6|10|2|25|100|1|2|15|10|10|10|5|
|~16|1|7|5|10|2|8|20|2|6|1|10|1|5|5|400|4|8|9|0|0|0|0|0|6|2|6|0|2|30|100|1|2|15|10|10|10|10|
|~17|1|4|6|10|1|8|20|3|8|1|10|1|5|10|400|4|8|9|0|0|0|0|0|6|2|6|10|3|35|100|1|2|15|10|10|10|10|
|~18|8|7|5|10|2|8|15|3|8|1|10|1|5|15|400|4|8|9|0|0|0|0|0|6|2|6|10|3|35|100|1|2|15|10|10|10|10|
|~19|2|7|5|9|1|8|15|3|8|1|10|0|10|20|400|8|8|9|0|0|0|0|0|6|2|6|10|3|35|100|1|2|15|5|10|10|10|
|~20|2|7|3|9|2|8|15|3|6|1|10|0|10|0|400|8|8|9|0|0|0|0|0|6|2|6|10|3|35|100|1|2|15|5|10|10|10|
|~21|3|7|3|9|2|7|0|3|6|1|10|0|0|0|400|4|8|9|0|0|0|0|0|6|2|6|10|3|0|0|1|2|10|5|10|10|0|
|~22|1|5|3|8|1|7|0|3|6|1|10|0|0|0|400|3|8|9|0|0|0|0|0|6|2|6|10|3|0|0|1|1|10|5|10|10|0|
|~23|1|5|3|8|2|7|0|3|6|1|10|0|0|0|400|3|8|9|0|0|0|0|0|6|2|6|10|3|0|0|1|1|10|5|10|10|0|
|~24|1|5|3|8|2|7|0|3|6|1|10|0|0|0|400|3|8|9|0|0|0|0|0|6|2|6|10|3|0|0|1|1|10|5|10|10|0|
|~25|1|5|3|8|1|8|0|3|6|1|10|0|0|0|400|4|8|9|0|0|0|0|0|6|2|6|0|3|0|0|1|1|10|5|10|10|0|

** 最果てへの道
|階|地|縦|横|部|幅|モ|店|店ア&br;表|MH|MH&br;種類|迷|埋|水|氷|ギ|ア|罠|店ア|>|>|>|>|仲間|LV|変|ビ|行商|行ア&br;表|水路|湖|店主|店表|池|島|柱|壁|氷&br;部屋|h
|~1|7|5|3|8|1|6|10|4|8|1|10|0|0|2|400|5|5|9|0|0|0|0|0|1|3|6|0|4|10|0|1|1|10|10|10|10|10|
|~2|8|5|4|8|1|6|9|4|8|1|10|0|0|2|400|5|6|9|0|0|0|0|0|1|3|6|0|4|10|0|1|1|10|10|10|10|10|
|~3|8|6|4|8|1|7|9|4|8|1|10|0|0|2|400|5|7|9|0|0|0|0|0|1|3|6|0|4|10|0|1|1|10|10|10|10|10|
|~4|1|4|3|8|2|7|10|4|8|1|10|0|0|2|400|5|7|9|0|0|0|0|0|1|3|6|7|4|10|0|1|1|10|10|10|10|10|
|~5|8|5|3|9|1|7|20|4|10|1|10|0|5|2|400|5|7|9|0|0|0|0|0|1|3|6|7|4|60|60|1|1|10|10|10|10|10|
|~6|8|7|5|9|1|7|20|4|10|1|10|0|5|2|400|5|7|9|0|0|0|0|0|1|3|6|7|4|60|60|1|1|10|10|10|10|10|
|~7|1|4|6|9|2|7|10|4|0|1|10|0|5|2|400|5|7|9|0|0|0|0|0|1|3|6|7|4|60|60|1|1|10|10|10|10|10|
|~8|2|5|5|9|1|7|20|4|0|1|10|0|5|2|400|5|7|9|0|0|0|0|0|1|3|6|7|4|60|60|1|1|10|10|10|10|10|
|~9|8|7|7|9|1|7|20|4|0|1|10|0|0|2|400|5|8|9|0|0|0|0|0|1|3|6|7|4|10|0|1|1|10|10|10|10|10|
|~10|5|7|5|9|2|7|10|4|0|11|10|0|0|2|400|5|8|9|0|0|0|0|0|1|3|6|7|4|10|0|1|1|10|10|10|10|10|
|~11|3|5|7|9|1|8|9|4|10|1|10|0|0|2|400|5|8|9|0|0|0|0|0|1|3|6|7|4|10|0|1|1|10|10|10|10|10|
|~12|8|5|5|9|1|8|9|4|10|7|10|0|0|2|400|5|8|9|0|0|0|0|0|1|3|6|7|4|10|0|1|1|10|10|10|10|10|
|~13|1|4|4|9|2|8|10|4|10|1|10|0|5|2|400|5|8|9|0|0|0|0|0|1|3|6|7|4|60|50|1|1|10|10|10|10|10|
|~14|8|7|5|9|1|8|20|4|10|1|10|0|5|2|400|5|8|9|0|0|0|0|0|1|3|6|7|4|60|50|1|1|10|10|10|10|10|
|~15|3|5|3|9|1|8|20|4|10|1|10|0|5|2|400|5|8|9|0|0|0|0|0|1|3|6|7|4|60|50|1|1|10|10|10|10|10|
|~16|1|6|6|9|2|8|10|4|10|7|10|0|5|2|450|5|8|9|0|0|0|0|0|1|3|6|7|4|60|50|1|1|10|10|10|10|10|
|~17|2|5|3|9|1|8|9|4|10|1|10|0|5|2|450|5|9|9|0|0|0|0|0|1|3|6|7|4|60|50|1|1|10|10|10|10|10|
|~18|8|5|3|9|2|8|9|4|10|1|10|0|5|2|450|5|9|9|0|0|0|0|0|1|3|6|7|4|60|50|1|1|10|10|10|10|10|
|~19|1|8|8|9|1|8|10|4|10|1|10|0|5|2|450|5|9|9|0|0|0|0|0|1|3|6|7|4|60|50|1|1|10|10|10|10|10|
|~20|8|5|5|9|2|8|20|4|10|7|10|0|5|2|450|5|9|9|0|0|0|0|0|1|3|6|7|4|60|50|1|1|10|10|10|10|10|
|~21|8|7|7|9|1|8|20|4|10|1|10|0|0|2|450|5|9|9|0|0|0|0|0|1|3|6|7|4|10|10|1|1|10|10|10|10|10|
|~22|1|4|8|9|1|8|10|4|10|1|10|0|0|2|450|5|9|9|0|0|0|0|0|1|3|6|7|4|10|20|1|1|10|10|10|10|10|
|~23|4|5|7|9|1|9|9|4|10|1|10|0|0|2|450|5|9|9|0|0|0|0|0|1|3|6|7|4|10|20|1|1|10|10|10|10|10|
|~24|1|5|5|9|2|9|9|4|10|11|10|0|0|2|450|5|9|9|0|0|0|0|0|1|3|6|7|4|10|0|1|1|10|10|10|10|0|
|~25|1|8|6|9|1|9|10|4|10|1|10|0|0|2|450|5|9|9|0|0|0|0|0|1|3|6|7|4|10|0|1|1|10|10|10|10|0|
|~26|8|7|5|9|2|9|20|4|10|1|10|0|0|2|450|5|9|9|0|0|0|0|0|1|3|6|7|4|10|20|1|1|10|10|10|10|10|
|~27|8|5|7|9|1|9|20|4|10|1|10|0|0|2|450|5|9|9|0|0|0|0|0|1|3|6|7|4|10|20|1|1|10|10|10|10|10|
|~28|1|6|8|9|1|9|10|4|10|7|10|0|0|2|450|5|9|9|0|0|0|0|0|1|3|6|7|5|10|20|1|1|10|10|10|10|10|
|~29|5|7|7|9|2|9|20|4|10|1|10|0|0|2|450|5|9|9|0|0|0|0|0|1|3|6|7|5|10|20|1|1|10|10|10|10|10|
|~30|8|7|5|9|1|9|20|5|10|1|10|0|0|2|450|6|9|9|0|0|0|0|0|1|3|6|7|5|10|20|2|2|10|10|10|10|10|
|~31|1|4|6|9|1|9|10|5|10|1|10|1|6|2|450|6|11|9|0|0|0|0|0|1|3|6|7|5|10|20|2|1|10|10|10|10|10|
|~32|8|5|5|9|2|11|9|5|8|7|10|1|6|2|450|6|11|9|0|0|0|0|0|1|3|6|7|5|10|20|2|1|10|10|10|10|10|
|~33|8|7|7|9|1|11|9|5|8|1|10|1|6|2|450|6|11|9|0|0|0|0|0|1|3|6|7|5|10|20|2|1|10|10|10|10|10|
|~34|1|5|5|9|1|11|10|5|8|11|10|1|6|2|450|6|11|9|0|0|0|0|0|1|3|6|7|5|10|20|2|1|10|10|10|10|10|
|~35|4|5|3|9|1|11|20|5|8|1|10|1|6|2|450|6|11|9|0|0|0|0|0|1|3|6|7|5|10|20|2|1|10|10|10|10|10|
|~36|8|5|3|9|2|11|20|5|8|7|10|1|6|2|450|6|11|9|0|0|0|0|0|1|3|6|7|5|10|20|2|2|10|10|10|10|10|
|~37|1|8|4|9|1|11|10|5|8|1|10|0|6|2|450|6|11|9|0|0|0|0|0|1|3|6|7|5|10|20|2|1|10|10|10|10|10|
|~38|8|7|5|9|1|11|9|5|8|1|10|0|6|2|450|5|11|9|0|0|0|0|0|1|3|6|7|5|10|20|2|1|10|10|10|10|10|
|~39|8|5|7|9|1|11|9|5|8|1|10|0|6|2|450|5|11|9|0|0|0|0|0|1|3|6|7|5|10|20|2|1|10|10|10|10|10|
|~40|1|4|5|9|2|11|10|5|8|1|10|0|6|2|450|5|11|9|0|0|0|0|0|1|3|6|7|5|10|20|2|1|10|10|10|10|10|
|~41|4|7|7|9|1|11|20|5|8|7|10|0|6|2|450|4|11|9|0|0|0|0|0|1|3|7|7|5|10|20|2|1|10|10|10|10|10|
|~42|8|7|5|9|1|11|20|5|8|1|10|0|6|2|450|4|11|9|0|0|0|0|0|1|3|7|7|5|10|20|2|2|10|10|10|10|10|
|~43|1|5|7|9|2|11|10|5|8|1|10|0|6|2|450|4|8|9|0|0|0|0|0|1|3|7|7|5|10|20|2|1|10|10|10|10|10|
|~44|2|5|5|9|1|11|9|5|8|1|10|0|6|2|450|4|8|9|0|0|0|0|0|1|3|7|7|5|10|20|2|1|10|10|10|10|10|
|~45|8|7|7|9|1|11|9|5|8|1|10|0|6|2|450|4|8|9|0|0|0|0|0|1|3|7|7|5|10|20|2|1|10|10|10|10|10|
|~46|1|7|5|9|2|11|10|5|8|7|10|0|6|2|450|4|8|9|0|0|0|0|0|1|3|7|7|5|10|20|2|1|10|10|10|10|10|
|~47|8|5|7|9|1|11|9|5|8|1|10|0|6|2|450|4|8|9|0|0|0|0|0|1|3|7|7|5|10|20|2|1|10|10|10|10|10|
|~48|8|5|5|9|1|11|9|5|8|1|10|0|6|2|450|4|8|9|0|0|0|0|0|1|3|7|7|5|10|20|2|2|10|10|10|10|10|
|~49|1|6|6|9|2|11|10|5|8|1|10|0|6|2|450|4|8|9|0|0|0|0|0|1|3|7|7|5|10|20|2|1|10|10|10|10|10|
|~50|2|7|5|9|2|11|20|5|2|7|10|0|6|2|450|4|7|9|0|0|0|0|0|1|3|7|7|5|10|20|2|1|10|10|10|10|10|
|~51|8|5|7|9|2|11|20|5|2|1|10|1|6|2|450|6|7|9|0|0|0|0|0|1|3|7|7|5|10|20|2|1|10|10|10|10|10|
|~52|1|5|5|9|2|11|10|5|2|1|10|1|0|2|450|6|7|9|0|0|0|0|0|1|3|7|7|5|10|0|2|1|10|10|10|10|0|
|~53|1|5|3|9|2|11|9|5|2|1|10|1|0|2|450|6|7|9|0|0|0|0|0|1|3|7|7|5|10|0|2|1|10|10|10|10|0|
|~54|4|5|3|9|1|11|9|5|2|7|10|1|6|2|500|6|7|9|0|0|0|0|0|1|3|7|7|5|10|20|2|2|10|10|10|10|10|
|~55|1|5|3|9|1|11|10|5|2|1|10|1|6|2|500|6|7|9|0|0|0|0|0|1|3|7|7|5|10|20|2|1|10|10|10|10|10|
|~56|1|5|3|9|1|11|20|5|2|7|10|0|6|2|500|6|7|9|0|0|0|0|0|1|3|7|7|5|10|20|2|1|10|10|10|10|10|
|~57|8|5|3|9|2|11|20|5|2|1|10|0|6|2|500|6|7|9|0|0|0|0|0|1|3|7|7|5|10|20|2|1|10|10|10|10|10|
|~58|1|7|5|9|2|11|10|5|2|1|10|0|6|2|500|6|7|9|0|0|0|0|0|1|3|7|7|5|10|20|2|1|10|10|10|10|10|
|~59|1|5|7|9|1|11|9|5|2|1|10|0|6|2|500|6|7|9|0|0|0|0|0|1|3|7|7|5|10|20|2|2|10|10|10|10|10|
|~60|8|5|5|9|2|11|9|5|2|1|10|0|6|2|500|6|7|9|0|0|0|0|0|1|3|7|7|5|10|20|2|1|10|10|10|10|10|
|~61|1|7|7|9|1|11|10|5|10|1|10|0|6|2|500|6|7|9|0|0|0|0|0|1|3|7|7|5|10|20|2|1|10|10|10|10|10|
|~62|5|7|5|10|1|11|9|5|10|11|10|0|6|2|500|5|7|9|0|0|0|0|0|1|3|7|7|5|10|20|2|1|10|10|10|10|10|
|~63|8|5|7|10|1|11|9|5|10|1|10|0|6|2|500|5|7|9|0|0|0|0|0|1|3|7|7|5|10|20|2|1|10|10|10|10|10|
|~64|2|5|5|10|1|11|10|5|10|7|10|0|6|2|500|5|7|9|0|0|0|0|0|1|3|7|7|5|10|20|2|1|10|10|10|10|10|
|~65|1|7|7|10|2|11|20|5|10|1|10|1|6|2|500|5|7|9|0|0|0|0|0|1|3|7|7|5|10|20|2|2|10|10|10|10|10|
|~66|8|7|5|10|2|11|20|5|10|1|10|1|6|2|500|5|7|9|0|0|0|0|0|1|3|7|7|5|10|20|2|1|10|10|10|10|10|
|~67|1|5|7|10|2|11|10|5|10|1|10|1|6|2|500|6|7|9|0|0|0|0|0|1|3|7|7|5|10|20|2|1|10|10|10|10|10|
|~68|4|5|3|10|1|11|9|5|10|7|10|0|6|2|500|6|7|9|0|0|0|0|0|1|3|7|7|5|10|20|2|1|10|10|10|10|10|
|~69|8|5|3|10|1|11|9|5|10|1|10|0|6|2|500|6|7|9|0|0|0|0|0|1|3|7|7|5|10|20|2|1|10|10|10|10|10|
|~70|1|5|5|10|1|11|10|5|10|11|10|0|6|2|500|6|7|9|0|0|0|0|0|1|3|7|7|5|10|20|2|1|10|10|10|10|10|
|~71|1|5|3|10|1|11|20|6|10|1|10|0|6|2|500|6|9|9|0|0|0|0|0|1|3|7|7|5|10|20|2|1|10|10|10|10|10|
|~72|8|5|5|10|1|11|20|6|10|1|10|0|6|2|500|6|9|9|0|0|0|0|0|1|3|7|7|5|10|20|2|1|10|10|10|10|10|
|~73|1|7|8|10|2|11|10|6|10|1|10|0|6|2|500|6|9|9|0|0|0|0|0|1|3|7|7|6|10|20|2|1|10|10|10|10|10|
|~74|3|7|5|10|2|11|9|6|10|7|10|0|6|2|500|6|9|9|0|0|0|0|0|1|3|7|7|6|10|10|2|1|10|10|10|10|10|
|~75|8|5|7|10|2|11|9|6|10|1|10|0|6|2|500|6|9|9|0|0|0|0|0|1|3|7|7|6|10|10|2|1|10|10|10|10|10|
|~76|1|5|5|10|2|11|10|6|10|6|10|0|2|2|500|6|9|9|0|0|0|0|0|1|3|7|7|6|10|10|2|1|10|10|10|10|10|
|~77|1|7|7|10|1|11|20|6|10|1|10|0|2|2|500|6|9|9|0|0|0|0|0|1|3|7|7|6|10|10|2|1|10|10|10|10|10|
|~78|1|7|5|10|1|11|20|6|10|7|10|1|2|2|500|6|9|9|0|0|0|0|0|1|3|7|7|6|10|10|2|1|10|10|10|10|10|
|~79|1|5|7|10|1|11|10|6|10|1|10|1|2|2|500|6|9|9|0|0|0|0|0|1|3|7|7|6|10|10|2|1|10|10|10|10|10|
|~80|1|5|5|10|1|11|9|6|10|1|10|1|0|2|500|6|9|9|0|0|0|0|0|1|3|7|7|6|10|10|2|1|10|10|10|10|10|
|~81|1|7|7|10|1|11|9|6|10|1|10|0|0|2|500|6|9|9|0|0|0|0|0|1|3|7|7|6|10|5|2|1|10|10|10|10|0|
|~82|1|7|5|10|1|11|10|6|10|1|10|0|0|2|500|6|9|9|0|0|0|0|0|1|3|7|7|6|10|5|2|1|10|10|10|10|0|
|~83|1|6|7|10|2|11|20|6|10|1|10|0|0|2|500|6|9|9|0|0|0|0|0|1|3|7|7|6|10|5|2|1|10|10|10|10|0|
|~84|1|5|5|10|2|11|20|6|10|1|10|0|0|2|500|6|9|9|0|0|0|0|0|1|3|7|0|6|10|5|2|1|10|10|10|10|0|
|~85|1|5|3|10|1|11|20|6|10|1|10|0|0|2|500|6|9|9|0|0|0|0|0|1|3|7|0|6|10|5|2|1|10|10|10|10|0|
|~86|1|5|4|10|1|11|20|6|10|1|10|0|0|2|500|6|9|9|0|0|0|0|0|1|3|7|0|6|10|5|2|1|10|10|10|10|0|
|~87|1|5|3|10|1|11|20|6|10|1|10|0|0|2|500|5|9|9|0|0|0|0|0|1|3|7|0|6|10|5|2|1|10|10|10|10|0|
|~88|1|5|3|10|1|11|5|6|10|1|10|0|0|2|500|5|9|9|0|0|0|0|0|1|3|7|0|6|10|5|2|1|10|10|10|10|0|
|~89|1|5|4|10|1|11|5|6|10|1|10|0|0|2|500|5|9|9|0|0|0|0|0|1|3|7|0|6|10|5|2|1|10|10|10|10|0|
|~90|1|5|4|10|1|11|5|6|8|1|10|0|0|2|500|5|9|9|0|0|0|0|0|1|3|7|0|6|0|0|2|1|10|10|10|10|0|
|~91|1|5|3|10|2|11|0|6|8|1|10|1|0|2|500|4|9|9|0|0|0|0|0|1|3|7|0|6|0|0|2|1|10|10|10|10|0|
|~92|1|5|5|10|2|11|0|6|8|1|10|1|0|2|500|4|9|9|0|0|0|0|0|1|3|7|0|6|0|0|2|1|10|10|10|10|0|
|~93|1|6|6|10|2|11|0|6|8|1|10|1|0|2|500|4|9|9|0|0|0|0|0|1|3|7|0|6|0|0|2|1|10|10|10|10|0|
|~94|1|6|6|10|2|11|0|6|8|1|10|1|0|2|500|4|9|9|0|0|0|0|0|1|3|7|0|6|0|0|2|1|10|10|10|10|0|
|~95|1|6|6|10|2|11|0|6|8|1|10|1|0|2|500|4|9|9|0|0|0|0|0|1|3|7|0|6|0|0|2|1|10|10|10|10|0|
|~96|1|7|7|10|2|11|0|6|8|1|10|0|0|2|500|4|9|9|0|0|0|0|0|1|3|7|0|6|0|0|2|1|10|10|10|10|0|
|~97|1|7|7|10|2|11|0|6|8|1|10|0|0|2|500|4|9|9|0|0|0|0|0|1|3|7|0|6|0|0|2|1|10|10|10|10|0|
|~98|1|7|7|10|2|11|0|6|8|1|10|0|0|2|500|4|9|9|0|0|0|0|0|1|3|7|0|6|0|0|2|1|10|10|10|10|0|
|~99|1|8|8|10|2|11|0|6|8|1|10|0|0|2|500|4|9|9|0|0|0|0|0|1|3|7|0|6|0|0|2|1|10|10|10|10|0|

** 中腹の井戸
|階|地|縦|横|部|幅|モ|店|店ア&br;表|MH|MH&br;種類|迷|埋|水|氷|ギ|ア|罠|店ア|>|>|>|>|仲間|LV|変|ビ|行商|行ア&br;表|水路|湖|店主|店表|池|島|柱|壁|氷&br;部屋|h
|~1|8|7|7|6|1|8|12|7|6|1|10|0|2|2|250|5|13|7|0|0|0|0|0|1|4|13|0|7|10|10|1|1|10|10|10|10|10|
|~2|8|7|6|6|2|8|12|7|6|1|10|0|2|2|250|5|13|7|0|0|0|0|0|1|4|13|0|7|10|10|1|1|10|10|10|10|10|
|~3|8|7|5|6|1|8|12|7|6|1|10|0|2|2|250|5|13|7|0|0|0|0|0|1|4|13|0|7|10|10|1|1|10|10|10|10|10|
|~4|6|7|4|6|2|8|12|7|6|1|10|0|2|2|250|5|13|7|0|0|0|0|0|1|4|13|0|7|10|10|1|1|10|10|10|10|10|
|~5|6|7|6|7|1|8|12|7|6|1|10|0|2|2|250|5|13|7|0|0|0|0|0|1|4|13|0|7|10|10|1|1|10|10|10|10|10|
|~6|2|7|7|7|2|8|12|7|6|1|10|0|2|2|250|5|13|7|0|0|0|0|0|1|4|13|0|7|10|10|1|1|10|10|10|10|10|
|~7|2|4|8|7|1|8|12|7|6|1|10|0|2|2|250|5|13|7|0|0|0|0|0|1|4|13|0|7|10|10|1|1|10|10|10|10|10|
|~8|3|5|6|7|2|8|12|7|6|1|10|0|2|2|250|5|13|7|0|0|0|0|0|1|4|13|0|7|10|10|1|1|10|10|10|10|10|
|~9|3|6|5|7|1|8|12|7|6|1|10|0|2|2|250|5|13|7|0|0|0|0|0|1|4|13|0|7|10|10|1|1|10|10|10|10|10|
|~10|8|7|5|7|2|8|12|7|6|1|10|0|2|2|250|5|13|7|0|0|0|0|0|1|4|13|0|7|10|10|1|1|10|10|10|10|10|
|~11|8|8|5|7|1|8|12|7|6|1|10|0|2|2|250|5|13|7|0|0|0|0|0|1|4|13|0|7|10|10|1|1|10|10|10|10|10|
|~12|8|5|5|8|2|8|12|7|6|1|10|0|2|2|250|5|13|7|0|0|0|0|0|1|4|13|0|7|10|10|1|1|10|10|10|10|10|
|~13|6|5|5|8|1|8|12|7|6|1|10|0|2|2|250|5|13|7|0|0|0|0|0|1|4|13|0|7|10|10|1|1|10|10|10|10|10|
|~14|2|7|5|8|2|8|12|7|6|1|10|0|2|2|250|5|13|7|0|0|0|0|0|1|4|13|0|7|10|10|1|1|10|10|10|10|10|
|~15|2|7|6|8|1|8|12|7|6|1|10|0|2|2|250|5|13|7|0|0|0|0|0|1|4|13|0|7|10|10|1|1|10|10|10|10|10|
|~16|1|7|4|8|2|8|12|7|6|1|10|0|2|2|250|5|13|7|0|0|0|0|0|1|4|13|0|7|10|10|1|1|10|10|10|10|10|
|~17|3|7|5|8|1|8|12|7|6|1|10|0|2|2|250|5|13|7|0|0|0|0|0|1|4|13|0|7|10|10|1|1|10|10|10|10|10|
|~18|8|7|6|8|2|8|12|7|6|1|10|0|2|2|250|4|13|7|0|0|0|0|0|1|4|13|0|7|10|10|1|1|10|10|10|10|10|
|~19|3|5|4|8|1|8|12|7|6|1|10|0|2|2|250|4|13|7|0|0|0|0|0|1|4|13|0|7|10|10|1|1|10|10|10|10|10|
|~20|8|5|7|8|2|8|12|7|6|1|10|0|2|2|250|4|13|7|0|0|0|0|0|1|4|13|0|7|10|10|1|1|10|10|10|10|10|
|~21|2|5|5|9|1|8|12|7|6|1|10|0|2|2|250|4|13|7|0|0|0|0|0|1|4|13|0|7|10|10|1|1|10|10|10|10|10|
|~22|8|5|6|8|2|8|12|7|6|1|10|0|2|2|250|4|13|7|0|0|0|0|0|1|4|13|0|7|10|10|1|1|10|10|10|10|10|
|~23|6|5|7|9|1|8|12|7|6|1|10|0|2|2|250|4|13|7|0|0|0|0|0|1|4|13|0|7|10|10|1|1|10|10|10|10|10|
|~24|8|7|7|9|2|8|12|7|6|1|10|0|2|2|250|4|13|7|0|0|0|0|0|1|4|13|0|7|10|10|1|1|10|10|10|10|10|
|~25|3|7|3|8|1|8|12|7|6|1|10|0|2|2|250|4|13|7|0|0|0|0|0|1|4|13|0|7|10|10|1|1|10|10|10|10|10|
|~26|8|3|7|8|2|8|12|7|6|1|10|0|2|2|250|4|13|7|0|0|0|0|0|1|4|13|0|7|10|10|1|1|10|10|10|10|10|
|~27|2|3|7|9|1|8|12|7|6|1|10|0|2|2|250|4|13|7|0|0|0|0|0|1|4|13|0|7|10|10|1|1|10|10|10|10|10|
|~28|8|7|7|8|2|8|12|7|6|1|10|0|2|2|250|4|13|7|0|0|0|0|0|1|4|13|0|7|10|10|1|1|10|10|10|10|10|
|~29|1|6|6|8|1|8|12|7|6|1|10|0|2|2|250|4|13|7|0|0|0|0|0|1|4|13|0|7|10|10|1|1|10|10|10|10|10|
|~30|6|7|7|9|2|8|12|7|6|1|10|0|2|2|250|4|13|7|0|0|0|0|0|1|4|13|0|7|10|10|1|1|10|10|10|10|10|
|~31|6|7|7|8|1|8|12|7|6|1|10|0|2|2|250|4|13|7|0|0|0|0|0|1|4|13|0|7|10|10|1|1|10|10|10|10|10|
|~32|8|5|7|8|2|8|12|7|6|1|10|0|2|2|250|4|13|7|0|0|0|0|0|1|4|13|0|7|10|10|1|1|10|10|10|10|10|
|~33|8|5|7|8|1|8|12|7|6|1|10|0|2|2|250|4|13|7|0|0|0|0|0|1|4|13|0|7|10|10|1|1|10|10|10|10|10|
|~34|8|5|7|9|2|8|12|7|6|1|10|0|2|2|250|4|13|7|0|0|0|0|0|1|4|13|0|7|10|10|1|1|10|10|10|10|10|
|~35|3|7|7|8|1|8|12|7|6|1|10|0|2|2|250|4|13|7|0|0|0|0|0|1|4|13|0|7|10|10|1|1|10|10|10|10|10|
|~36|8|7|7|9|2|8|12|7|6|1|10|0|2|2|250|4|13|7|0|0|0|0|0|1|4|13|0|7|10|10|1|1|10|10|10|10|10|
|~37|3|7|7|9|1|8|12|7|6|1|10|0|2|2|250|4|13|7|0|0|0|0|0|1|4|13|0|7|10|10|1|1|10|10|10|10|10|
|~38|8|7|7|9|2|8|12|7|6|1|10|0|2|2|250|4|13|7|0|0|0|0|0|1|4|13|0|7|10|10|1|1|10|10|10|10|10|
|~39|6|7|7|9|1|8|12|7|6|1|10|0|2|2|250|4|13|7|0|0|0|0|0|1|4|13|0|7|10|10|1|1|10|10|10|10|10|
|~40|6|7|3|9|2|8|12|7|6|1|10|0|2|2|250|4|13|7|0|0|0|0|0|1|4|13|0|7|10|10|1|1|10|10|10|10|10|
|~41|2|7|3|8|1|8|12|7|6|1|10|0|2|2|250|4|13|7|0|0|0|0|0|1|4|13|0|7|10|10|1|1|10|10|10|10|10|
|~42|2|7|4|8|1|8|12|7|6|1|10|0|2|2|250|4|13|7|0|0|0|0|0|1|4|13|0|7|10|10|1|1|10|10|10|10|10|
|~43|3|5|6|8|1|8|12|7|6|1|10|0|2|2|250|4|13|7|0|0|0|0|0|1|4|13|0|7|10|10|1|1|10|10|10|10|10|
|~44|2|6|5|8|1|8|12|7|6|1|10|0|2|2|250|4|13|7|0|0|0|0|0|1|4|13|0|7|10|10|1|1|10|10|10|10|10|
|~45|8|7|5|8|1|8|12|7|6|1|10|0|2|2|250|4|13|7|0|0|0|0|0|1|4|13|0|7|10|10|1|1|10|10|10|10|10|
|~46|8|7|7|8|1|8|12|7|6|1|10|0|2|2|250|4|13|7|0|0|0|0|0|1|4|13|0|7|10|10|1|1|10|10|10|10|10|
|~47|8|7|7|8|1|8|12|7|6|1|10|0|2|2|250|4|13|7|0|0|0|0|0|1|4|13|0|8|10|10|1|1|10|10|10|10|10|
|~48|8|7|7|8|1|8|12|7|6|1|10|0|2|2|250|4|13|7|0|0|0|0|0|1|4|13|0|8|10|10|1|1|10|10|10|10|10|
|~49|8|5|7|8|1|8|12|7|6|1|10|0|2|2|250|4|13|7|0|0|0|0|0|1|4|13|0|8|10|10|1|1|10|10|10|10|10|
|~50|1|5|7|8|1|8|12|7|6|1|10|0|0|2|250|4|13|7|0|0|0|0|0|1|4|13|0|8|10|0|1|1|10|10|10|10|0|
|~51|8|5|7|9|1|8|12|8|6|1|10|0|2|2|500|4|13|7|0|0|0|0|0|1|4|13|0|8|10|10|1|1|10|10|10|10|10|
|~52|2|5|7|9|1|8|12|8|6|1|10|0|2|2|500|4|13|7|0|0|0|0|0|1|4|13|0|8|10|10|1|1|10|10|10|10|10|
|~53|3|5|5|9|1|8|12|8|6|1|10|0|2|2|500|4|13|7|0|0|0|0|0|1|4|13|0|8|10|10|1|1|10|10|10|10|10|
|~54|2|5|5|9|1|8|12|8|6|1|10|0|2|2|500|4|13|7|0|0|0|0|0|1|4|13|0|8|10|10|1|1|10|10|10|10|10|
|~55|6|7|5|9|1|8|12|8|6|1|10|0|2|2|500|4|13|7|0|0|0|0|0|1|4|13|0|8|10|10|1|1|10|10|10|10|10|
|~56|8|7|5|8|1|8|12|8|6|1|10|0|2|2|500|4|13|7|0|0|0|0|0|1|4|13|0|8|10|10|1|1|10|10|10|10|10|
|~57|6|7|3|8|1|8|12|8|6|1|10|0|2|2|500|4|13|7|0|0|0|0|0|1|4|13|0|8|10|10|1|1|10|10|10|10|10|
|~58|8|7|7|8|1|8|12|8|6|1|10|0|2|2|500|4|13|7|0|0|0|0|0|1|4|13|0|8|10|10|1|1|10|10|10|10|10|
|~59|2|7|7|8|1|8|12|8|6|1|10|0|2|2|500|4|13|7|0|0|0|0|0|1|4|13|0|8|10|10|1|1|10|10|10|10|10|
|~60|1|7|7|8|1|8|12|8|6|1|10|0|0|2|500|4|13|7|0|0|0|0|0|1|4|13|0|8|10|0|1|1|10|10|10|10|0|
|~61|2|7|7|8|1|8|12|8|6|1|10|0|2|2|500|4|13|7|0|0|0|0|0|1|4|13|0|8|10|10|1|1|10|10|10|10|10|
|~62|8|7|7|8|1|8|12|8|6|1|10|0|2|2|500|4|13|7|0|0|0|0|0|1|4|13|0|8|10|10|1|1|10|10|10|10|10|
|~63|8|7|7|9|1|8|12|8|6|1|10|0|2|2|500|4|13|7|0|0|0|0|0|1|4|13|0|8|10|10|1|1|10|10|10|10|10|
|~64|8|7|7|9|1|8|12|8|6|1|10|0|2|2|500|4|13|7|0|0|0|0|0|1|4|13|0|8|10|10|1|1|10|10|10|10|10|
|~65|3|7|7|9|1|8|12|8|6|1|10|0|2|2|500|4|13|7|0|0|0|0|0|1|4|13|0|8|10|10|1|1|10|10|10|10|10|
|~66|2|5|7|9|1|8|12|8|6|1|10|0|2|2|500|4|13|7|0|0|0|0|0|1|4|13|0|8|10|10|1|1|10|10|10|10|10|
|~67|3|5|7|8|1|8|12|8|6|1|10|0|2|2|500|4|13|7|0|0|0|0|0|1|4|13|0|8|10|10|1|1|10|10|10|10|10|
|~68|3|5|7|8|1|8|12|8|6|1|10|0|2|2|500|4|13|7|0|0|0|0|0|1|4|13|0|8|10|10|1|1|10|10|10|10|10|
|~69|2|5|7|8|1|8|12|8|6|1|10|0|2|2|500|4|13|7|0|0|0|0|0|1|4|13|0|8|10|10|1|1|10|10|10|10|10|
|~70|3|7|7|8|1|8|12|8|6|1|10|0|2|2|500|4|13|7|0|0|0|0|0|1|4|13|0|8|10|10|1|1|10|10|10|10|10|
|~71|6|7|7|8|1|8|0|8|6|1|10|0|2|2|500|4|13|7|0|0|0|0|0|1|4|13|0|8|10|10|1|1|10|10|10|10|10|
|~72|8|7|3|8|1|8|0|8|6|1|10|0|2|2|500|4|13|7|0|0|0|0|0|1|4|13|0|8|10|10|1|1|10|10|10|10|10|
|~73|8|7|3|8|1|8|0|8|6|1|10|0|2|2|500|4|13|7|0|0|0|0|0|1|4|13|0|8|10|10|1|1|10|10|10|10|10|
|~74|8|7|3|9|1|8|0|8|6|1|10|0|2|2|500|4|13|7|0|0|0|0|0|1|4|13|0|8|10|10|1|1|10|10|10|10|10|
|~75|8|7|7|9|1|8|0|8|6|1|10|0|2|2|500|4|13|7|0|0|0|0|0|1|4|13|0|8|10|10|1|1|10|10|10|10|10|
|~76|8|7|7|9|1|8|0|8|6|1|10|0|2|2|500|4|13|7|0|0|0|0|0|1|4|13|0|8|10|10|1|1|10|10|10|10|10|
|~77|3|7|7|9|1|8|0|8|6|1|10|0|2|2|500|4|13|7|0|0|0|0|0|1|4|13|0|8|10|10|1|1|10|10|10|10|10|
|~78|3|7|7|9|1|8|0|8|6|1|10|0|2|2|500|4|13|7|0|0|0|0|0|1|4|13|0|8|10|10|1|1|10|10|10|10|10|
|~79|2|7|7|9|1|8|0|8|6|1|10|0|2|2|500|4|13|7|0|0|0|0|0|1|4|13|0|8|10|10|1|1|10|10|10|10|10|
|~80|6|7|7|9|1|8|0|8|6|1|10|0|2|2|500|4|13|7|0|0|0|0|0|1|4|13|0|8|10|10|1|1|10|10|10|10|10|
|~81|6|7|7|8|1|8|0|8|6|1|10|0|2|2|500|4|13|7|0|0|0|0|0|1|4|13|0|8|10|10|1|1|10|10|10|10|10|
|~82|8|7|7|8|1|8|0|8|6|1|10|0|2|2|500|4|13|7|0|0|0|0|0|1|4|13|0|8|10|10|1|1|10|10|10|10|10|
|~83|8|7|7|8|1|8|0|8|6|1|10|0|2|2|500|4|13|7|0|0|0|0|0|1|4|13|0|8|10|10|1|1|10|10|10|10|10|
|~84|8|7|7|8|1|8|0|8|6|1|10|0|2|2|500|4|13|7|0|0|0|0|0|1|4|13|0|8|10|10|1|1|10|10|10|10|10|
|~85|2|7|3|8|1|8|0|8|6|1|10|0|2|2|500|4|13|7|0|0|0|0|0|1|4|13|0|8|10|10|1|1|10|10|10|10|10|
|~86|2|7|3|8|1|8|0|8|6|1|10|0|2|2|500|4|13|7|0|0|0|0|0|1|4|13|0|8|10|10|1|1|10|10|10|10|10|
|~87|3|7|3|8|1|8|0|8|6|1|10|0|2|2|500|4|13|7|0|0|0|0|0|1|4|13|0|8|10|10|1|1|10|10|10|10|10|
|~88|3|7|3|9|1|8|0|8|6|1|10|0|2|2|500|4|13|7|0|0|0|0|0|1|4|13|0|8|10|10|1|1|10|10|10|10|10|
|~89|3|7|7|9|1|8|0|8|6|1|10|0|2|2|500|4|13|7|0|0|0|0|0|1|4|13|0|8|10|10|1|1|10|10|10|10|10|
|~90|6|7|7|9|1|8|0|8|6|1|10|0|2|2|500|4|13|7|0|0|0|0|0|1|4|13|0|8|10|10|1|1|10|10|10|10|10|
|~91|8|7|5|9|1|8|0|8|6|1|10|0|2|2|500|4|13|7|0|0|0|0|0|1|4|13|0|8|10|10|1|1|10|10|10|10|10|
|~92|8|7|5|9|1|8|0|8|6|1|10|0|2|2|500|4|13|7|0|0|0|0|0|1|4|13|0|8|10|10|1|1|10|10|10|10|10|
|~93|8|7|5|9|1|8|0|8|6|1|10|0|2|2|500|4|13|7|0|0|0|0|0|1|4|13|0|8|10|10|1|1|10|10|10|10|10|
|~94|8|7|5|8|1|8|0|8|6|1|10|0|2|2|500|4|13|7|0|0|0|0|0|1|4|13|0|8|10|10|1|1|10|10|10|10|10|
|~95|8|7|7|8|1|8|0|8|6|1|10|0|2|2|500|4|13|7|0|0|0|0|0|1|4|13|0|8|10|10|1|1|10|10|10|10|10|
|~96|1|7|7|8|1|8|0|8|6|1|10|0|0|2|500|4|13|7|0|0|0|0|0|1|4|13|0|8|10|0|1|1|10|10|10|10|0|
|~97|1|7|7|8|1|8|0|8|6|1|10|0|0|2|500|4|13|7|0|0|0|0|0|1|4|13|0|8|10|0|1|1|10|10|10|10|0|
|~98|8|7|7|8|1|8|0|8|6|1|10|0|2|2|500|4|13|7|0|0|0|0|0|1|4|13|0|8|10|10|1|1|10|10|10|10|10|
|~99|1|7|7|8|1|8|0|8|6|1|10|0|2|2|500|4|13|7|0|0|0|0|0|1|4|13|0|8|10|10|1|1|10|10|10|10|10|

** 神社の隠し穴
|階|地|縦|横|部|幅|モ|店|店ア&br;表|MH|MH&br;種類|迷|埋|水|氷|ギ|ア|罠|店ア|>|>|>|>|仲間|LV|変|ビ|行商|行ア&br;表|水路|湖|店主|店表|池|島|柱|壁|氷&br;部屋|h
|~1|8|5|3|5|1|8|0|1|9|12|10|0|0|2|250|3|5|7|0|0|0|0|0|1|1|6|0|1|20|0|1|2|10|20|10|10|0|
|~2|1|5|4|6|2|8|0|1|9|12|10|0|6|2|250|3|5|7|0|0|0|0|0|1|1|6|0|1|30|0|1|2|10|20|10|10|0|
|~3|1|6|4|7|2|8|0|1|9|12|10|0|6|2|250|3|6|7|0|0|0|0|0|1|1|6|0|1|20|0|1|2|10|20|10|10|0|
|~4|1|4|3|8|2|8|0|1|9|12|10|0|6|2|250|3|6|7|0|0|0|0|0|1|1|6|0|1|20|0|1|2|10|20|10|10|0|
|~5|2|5|3|9|2|8|0|1|9|12|10|0|6|2|250|3|7|7|0|0|0|0|0|1|1|6|0|1|20|60|1|2|10|20|10|10|0|
|~6|8|7|5|9|1|8|0|1|9|12|10|0|6|2|250|3|7|7|0|0|0|0|0|1|1|6|0|1|60|60|1|2|10|10|10|10|10|
|~7|2|4|6|9|2|8|0|1|9|12|10|1|6|2|250|3|7|7|0|0|0|0|0|1|1|6|0|1|60|60|1|2|10|10|10|10|10|
|~8|1|5|5|9|1|8|0|1|9|12|10|0|6|2|250|3|7|7|0|0|0|0|0|1|1|6|0|1|10|60|1|2|10|10|10|10|10|
|~9|8|7|7|9|2|8|0|1|9|12|10|1|6|2|250|3|7|7|0|0|0|0|0|1|1|6|0|1|10|0|1|2|10|10|10|10|10|
|~10|8|7|5|9|1|8|0|1|9|12|10|0|6|2|250|3|7|7|0|0|0|0|0|1|1|6|0|1|10|0|1|2|10|10|10|10|10|
|~11|1|5|7|9|2|8|0|1|9|12|10|1|6|2|250|3|7|7|0|0|0|0|0|1|1|6|0|1|10|0|1|2|10|10|10|10|10|
|~12|2|5|5|9|1|8|0|1|9|12|10|0|6|2|250|3|7|7|0|0|0|0|0|1|1|6|0|1|60|0|1|2|10|10|10|10|10|
|~13|2|4|4|9|2|8|0|1|9|12|10|1|6|2|250|3|7|7|0|0|0|0|0|1|1|6|0|1|60|50|1|2|10|10|10|10|10|
|~14|2|7|5|9|1|8|0|1|9|12|10|0|6|2|250|3|7|7|0|0|0|0|0|1|1|6|0|1|60|50|1|2|10|10|10|10|10|
|~15|1|5|3|9|2|8|0|1|9|12|10|1|6|2|250|3|8|7|0|0|0|0|0|1|1|6|0|1|60|50|1|2|10|10|10|10|10|
|~16|8|6|6|9|1|8|0|1|9|12|10|0|6|2|250|3|8|7|0|0|0|0|0|1|1|6|0|1|60|50|1|2|10|10|10|10|10|
|~17|1|5|3|9|2|8|0|1|9|12|10|1|6|2|250|3|8|7|0|0|0|0|0|1|1|6|0|1|60|50|1|2|10|10|10|10|10|
|~18|2|5|3|9|1|8|0|1|9|12|10|0|6|2|250|3|8|7|0|0|0|0|0|1|1|6|0|1|60|50|1|2|10|10|10|10|10|
|~19|1|8|8|9|2|8|0|1|9|12|10|1|6|2|250|3|8|7|0|0|0|0|0|1|1|6|0|1|60|50|1|2|10|10|10|10|10|
|~20|8|5|5|9|1|8|0|1|9|12|10|0|6|2|250|3|8|7|0|0|0|0|0|1|1|6|0|1|10|50|1|2|10|10|10|10|10|
|~21|1|7|7|9|2|8|0|1|9|12|10|1|6|2|250|3|8|7|0|0|0|0|0|1|1|6|0|1|10|10|1|2|10|10|10|10|10|
|~22|2|4|8|9|1|8|0|1|9|12|10|0|6|2|250|3|8|7|0|0|0|0|0|1|1|6|0|1|10|10|1|2|10|10|10|10|10|
|~23|8|5|7|9|2|8|0|1|9|12|10|1|6|2|250|3|8|7|0|0|0|0|0|1|1|6|0|1|10|10|1|2|10|10|10|10|10|
|~24|2|5|5|9|1|9|0|1|9|12|10|0|6|2|250|3|8|7|0|0|0|0|0|1|1|6|0|1|10|10|1|2|10|10|10|10|10|
|~25|1|8|6|9|2|9|0|1|9|12|10|1|6|2|250|3|8|7|0|0|0|0|0|1|1|6|0|1|10|10|1|2|10|10|10|10|10|
|~26|3|7|5|9|1|9|0|1|9|12|10|0|6|2|250|3|8|7|0|0|0|0|0|1|1|6|0|1|10|10|1|2|10|10|10|10|10|
|~27|1|5|7|9|2|9|0|1|9|12|10|1|6|2|250|3|8|7|0|0|0|0|0|1|1|6|0|1|10|10|1|2|10|10|10|10|10|
|~28|1|6|8|9|1|9|0|1|9|12|10|0|6|2|250|3|8|7|0|0|0|0|0|1|1|6|0|1|10|10|1|2|10|10|10|10|10|
|~29|2|7|7|9|2|9|0|1|9|12|10|1|6|2|250|3|8|7|0|0|0|0|0|1|1|6|0|1|10|10|2|2|10|10|10|10|10|
|~30|2|7|5|9|1|9|0|1|9|12|10|0|6|2|250|3|8|7|0|0|0|0|0|1|1|6|0|1|10|10|2|2|10|10|10|10|10|
|~31|2|4|6|9|2|9|0|1|9|12|10|1|6|2|250|3|8|7|0|0|0|0|0|1|1|6|0|1|10|10|2|2|10|10|10|10|10|
|~32|1|5|5|9|1|9|0|1|9|12|10|0|6|2|250|3|9|7|0|0|0|0|0|1|1|6|0|1|10|10|2|2|10|10|10|10|10|
|~33|8|7|7|9|2|9|0|1|9|12|10|1|6|2|250|3|9|7|0|0|0|0|0|1|1|6|0|1|10|10|2|2|10|10|10|10|10|
|~34|1|5|5|9|1|10|0|1|9|12|10|0|6|2|250|3|9|7|0|0|0|0|0|1|1|6|0|1|10|10|2|2|10|10|10|10|10|
|~35|3|5|3|9|2|10|0|1|9|12|10|1|6|2|250|3|9|7|0|0|0|0|0|1|1|6|0|1|10|10|2|2|10|10|10|10|10|
|~36|2|5|3|9|1|10|0|1|9|12|10|0|6|2|250|3|9|7|0|0|0|0|0|1|1|6|0|1|10|10|2|2|10|10|10|10|10|
|~37|2|8|4|9|2|10|0|1|9|12|10|1|6|2|250|3|9|7|0|0|0|0|0|1|1|6|0|1|10|10|2|2|10|10|10|10|10|
|~38|2|7|5|9|1|10|0|1|9|12|10|0|6|2|250|3|9|7|0|0|0|0|0|1|1|6|0|1|10|10|2|2|10|10|10|10|10|
|~39|1|5|7|9|2|10|0|1|9|12|10|1|6|2|250|3|9|7|0|0|0|0|0|1|1|6|0|1|10|10|2|2|10|10|10|10|10|
|~40|8|4|5|9|1|10|0|1|9|12|10|0|6|2|250|3|9|7|0|0|0|0|0|1|1|6|0|1|10|10|2|2|10|10|10|10|10|
|~41|8|7|7|9|2|10|0|1|9|12|10|1|6|2|250|3|9|7|0|0|0|0|0|1|1|6|0|1|10|10|2|2|10|10|10|10|10|
|~42|1|7|5|9|1|10|0|1|9|12|10|0|6|2|250|3|9|7|0|0|0|0|0|1|1|6|0|1|10|10|2|2|10|10|10|10|10|
|~43|2|5|7|9|2|10|0|1|9|12|10|1|6|2|250|3|9|7|0|0|0|0|0|1|1|6|0|1|10|10|2|2|10|10|10|10|10|
|~44|3|5|5|9|1|10|0|1|9|12|10|0|6|2|250|3|9|7|0|0|0|0|0|1|1|6|0|1|10|10|2|2|10|10|10|10|10|
|~45|2|7|7|9|2|10|0|1|9|12|10|1|6|2|250|3|9|7|0|0|0|0|0|1|1|6|0|1|10|10|2|2|10|10|10|10|10|
|~46|1|7|5|9|1|10|0|1|9|12|10|0|0|2|250|3|9|7|0|0|0|0|0|1|1|6|0|1|10|0|2|2|10|10|10|10|0|
|~47|1|5|7|9|2|10|0|1|9|12|10|1|0|2|250|3|9|7|0|0|0|0|0|1|1|6|0|1|10|0|2|2|10|10|10|10|0|
|~48|8|5|5|9|1|10|0|1|9|12|10|0|6|2|250|3|9|7|0|0|0|0|0|1|1|6|0|1|10|10|2|2|10|10|10|10|10|
|~49|8|6|6|9|2|10|0|1|9|12|10|1|6|2|250|3|9|7|0|0|0|0|0|1|1|6|0|1|10|10|2|2|10|10|10|10|10|
|~50|1|7|5|9|1|10|0|1|9|12|10|0|6|2|250|3|9|7|0|0|0|0|0|1|1|6|0|1|10|10|2|2|10|10|10|10|10|
|~51|8|5|7|9|2|10|0|1|9|12|10|1|6|2|250|3|9|7|0|0|0|0|0|1|1|6|0|1|10|10|2|2|10|10|10|10|10|
|~52|1|5|5|9|1|10|0|1|9|12|10|0|6|2|250|3|9|7|0|0|0|0|0|1|1|6|0|1|10|10|2|2|10|10|10|10|10|
|~53|2|5|3|9|2|10|0|1|9|12|10|1|6|2|250|3|9|7|0|0|0|0|0|1|1|6|0|1|10|10|2|2|10|10|10|10|10|
|~54|3|5|3|9|1|10|0|1|9|12|10|0|6|2|250|3|9|7|0|0|0|0|0|1|1|6|0|1|10|10|2|2|10|10|10|10|10|
|~55|2|5|3|9|2|10|0|1|9|12|10|1|6|2|250|3|9|7|0|0|0|0|0|1|1|6|0|1|10|10|2|2|10|10|10|10|10|
|~56|1|5|3|9|1|10|0|1|9|12|10|0|6|2|250|3|9|7|0|0|0|0|0|1|1|6|0|1|10|10|2|2|10|10|10|10|10|
|~57|8|5|3|9|2|10|0|1|9|12|10|0|6|2|250|3|9|7|0|0|0|0|0|1|1|6|0|1|10|10|2|2|10|10|10|10|10|
|~58|1|7|5|9|1|10|0|1|9|12|10|1|6|2|250|3|9|7|0|0|0|0|0|1|1|6|0|1|10|10|2|2|10|10|10|10|10|
|~59|8|5|7|9|2|10|0|1|9|12|10|0|6|2|250|3|9|7|0|0|0|0|0|1|1|6|0|1|10|10|2|2|10|10|10|10|10|
|~60|2|5|5|9|1|10|0|1|9|12|10|1|6|2|250|3|9|7|0|0|0|0|0|1|1|6|0|1|10|10|3|2|10|10|10|10|10|
|~61|3|7|7|10|2|10|0|1|9|12|10|0|6|2|250|3|9|7|0|0|0|0|0|1|1|6|0|1|10|10|3|2|10|10|10|10|10|
|~62|2|7|5|10|1|10|0|1|9|12|10|1|6|2|250|3|9|7|0|0|0|0|0|1|1|6|0|1|10|10|3|2|10|10|10|10|10|
|~63|1|5|7|10|2|10|0|1|9|12|10|0|6|2|250|3|9|7|0|0|0|0|0|1|1|6|0|1|10|10|3|2|10|10|10|10|10|
|~64|8|5|5|10|1|10|0|1|9|12|10|1|6|2|250|3|9|7|0|0|0|0|0|1|1|6|0|1|10|10|3|2|10|10|10|10|10|
|~65|8|7|7|10|2|10|0|1|9|12|10|0|6|2|250|3|9|7|0|0|0|0|0|1|1|6|0|1|10|10|3|2|10|10|10|10|10|
|~66|1|7|5|10|1|10|0|1|9|12|10|1|6|2|250|3|9|7|0|0|0|0|0|1|1|6|0|1|10|10|3|2|10|10|10|10|10|
|~67|1|5|7|10|2|10|0|1|9|12|10|0|6|2|250|3|9|7|0|0|0|0|0|1|1|6|0|1|10|10|3|2|10|10|10|10|10|
|~68|2|5|3|10|1|11|0|1|9|12|10|1|6|2|250|3|9|7|0|0|0|0|0|1|1|6|0|1|10|10|3|2|10|10|10|10|10|
|~69|3|5|3|10|2|11|0|1|9|12|10|0|6|2|250|3|9|7|0|0|0|0|0|1|1|6|0|1|10|10|3|2|10|10|10|10|10|
|~70|2|5|5|10|1|11|0|1|9|12|10|1|6|2|250|3|9|7|0|0|0|0|0|1|1|6|0|1|10|10|3|2|10|10|10|10|10|
|~71|1|5|3|10|2|11|0|1|9|12|10|0|6|2|250|3|9|7|0|0|0|0|0|1|1|6|0|1|10|10|3|2|10|10|10|10|10|
|~72|1|5|5|10|1|11|0|1|9|12|10|1|6|2|250|3|9|7|0|0|0|0|0|1|1|6|0|1|10|10|3|2|10|10|10|10|10|
|~73|8|7|8|10|2|11|0|1|9|12|10|0|6|2|250|3|9|7|0|0|0|0|0|1|1|6|0|1|10|10|3|2|10|10|10|10|10|
|~74|8|7|5|10|1|11|0|1|9|12|10|1|6|2|250|3|9|7|0|0|0|0|0|1|1|6|0|1|10|10|3|2|10|10|10|10|10|
|~75|1|5|7|10|2|11|0|1|9|12|10|0|6|2|250|3|9|7|0|0|0|0|0|1|1|6|0|1|10|10|3|2|10|10|10|10|10|
|~76|1|5|5|10|1|11|0|1|9|12|10|1|6|2|250|3|9|7|0|0|0|0|0|1|1|6|0|1|10|10|3|2|10|10|10|10|10|
|~77|1|7|7|10|2|11|0|1|9|12|10|0|6|2|250|3|9|7|0|0|0|0|0|1|1|6|0|1|10|10|3|2|10|10|10|10|10|
|~78|2|7|5|10|1|11|0|1|9|12|10|1|6|2|250|3|9|7|0|0|0|0|0|1|1|6|0|1|10|10|3|2|10|10|10|10|10|
|~79|2|5|9|10|2|11|0|1|9|12|10|0|6|2|250|3|9|7|0|0|0|0|0|1|1|6|0|1|10|10|3|2|10|10|10|10|10|
|~80|2|5|5|10|1|11|0|1|9|12|10|1|6|2|250|3|9|7|0|0|0|0|0|1|1|6|0|1|10|10|3|2|10|10|10|10|10|
|~81|1|7|9|10|2|11|0|1|9|12|10|0|6|2|250|3|9|7|0|0|0|0|0|1|1|6|0|1|10|10|3|2|10|10|10|10|10|
|~82|1|7|5|10|1|11|0|1|9|12|10|1|6|2|250|3|9|7|0|0|0|0|0|1|1|6|0|1|10|10|3|2|10|10|10|10|10|
|~83|8|6|7|10|2|11|0|1|9|12|10|0|6|2|250|3|9|7|0|0|0|0|0|1|1|6|0|1|10|10|3|2|10|10|10|10|10|
|~84|1|5|5|10|1|11|0|1|9|12|10|1|6|2|250|3|9|7|0|0|0|0|0|1|1|6|0|1|10|10|3|2|10|10|10|10|10|
|~85|2|5|3|10|2|11|0|1|9|12|10|0|6|2|250|3|9|7|0|0|0|0|0|1|1|6|0|1|10|10|3|2|10|10|10|10|10|
|~86|1|5|4|10|1|11|0|1|9|12|10|0|0|2|250|3|9|7|0|0|0|0|0|1|1|6|0|1|10|0|3|2|10|10|10|10|0|
|~87|1|5|3|10|2|11|0|1|9|12|10|0|0|2|250|3|9|7|0|0|0|0|0|1|1|6|0|1|10|0|3|2|10|10|10|10|0|
|~88|2|5|3|10|1|11|0|1|9|12|10|0|6|2|250|3|9|7|0|0|0|0|0|1|1|6|0|1|10|10|3|2|10|10|10|10|10|
|~89|3|5|4|10|2|11|0|1|9|12|10|0|6|2|250|3|9|7|0|0|0|0|0|1|1|6|0|1|10|10|3|2|10|10|10|10|10|
|~90|1|5|4|10|1|11|0|1|9|12|10|0|0|2|250|3|9|7|0|0|0|0|0|1|1|6|0|1|10|0|3|2|10|10|10|10|0|
|~91|1|5|3|10|2|11|0|1|9|12|10|0|0|2|250|3|9|7|0|0|0|0|0|1|1|6|0|1|10|0|3|2|10|10|10|10|0|
|~92|3|5|5|10|1|11|0|1|9|12|10|0|6|2|250|3|9|7|0|0|0|0|0|1|1|6|0|1|10|10|3|2|10|10|10|10|10|
|~93|8|6|6|10|2|11|0|1|9|12|10|0|6|2|250|3|9|7|0|0|0|0|0|1|1|6|0|1|10|10|3|2|10|10|10|10|10|
|~94|1|6|6|10|1|11|0|1|9|12|10|0|6|2|250|3|9|7|0|0|0|0|0|1|1|6|0|1|10|10|3|2|10|10|10|10|10|
|~95|1|6|6|10|2|11|0|1|9|12|10|0|6|2|250|3|9|7|0|0|0|0|0|1|1|6|0|1|10|10|3|2|10|10|10|10|10|
|~96|1|7|7|10|1|11|0|1|9|12|10|0|6|2|250|3|9|7|0|0|0|0|0|1|1|6|0|1|10|10|3|2|10|10|10|10|10|
|~97|1|7|7|10|2|11|0|1|9|12|10|0|6|2|250|3|9|7|0|0|0|0|0|1|1|6|0|1|10|10|3|2|10|10|10|10|10|
|~98|1|7|7|10|1|11|0|1|9|12|10|0|6|2|250|3|9|7|0|0|0|0|0|1|1|6|0|1|10|10|3|2|10|10|10|10|10|
|~99|1|8|8|10|1|11|0|1|9|12|10|0|6|2|250|3|9|7|0|0|0|0|0|1|1|6|0|1|10|10|3|2|10|10|10|10|10|

** あかずの間
|階|地|縦|横|部|幅|モ|店|店ア&br;表|MH|MH&br;種類|迷|埋|水|氷|ギ|ア|罠|店ア|>|>|>|>|仲間|LV|変|ビ|行商|行ア&br;表|水路|湖|店主|店表|池|島|柱|壁|氷&br;部屋|h
|~1|8|5|3|8|1|12|0|9|11|1|10|0|0|2|500|6|10|7|0|0|0|0|0|1|3|6|0|9|10|0|1|1|10|10|10|10|10|
|~2|8|5|4|8|2|12|0|9|11|1|10|1|0|2|500|6|10|7|0|0|0|0|0|2|3|6|0|9|10|0|1|1|10|10|10|10|10|
|~3|1|6|4|8|1|12|0|9|11|4|10|0|6|2|500|6|10|7|0|0|0|0|0|3|3|6|0|9|10|0|1|1|10|10|10|10|10|
|~4|1|4|3|8|2|12|0|9|11|6|10|1|6|2|500|6|10|7|0|0|0|0|0|4|3|6|0|9|10|0|1|1|10|10|10|10|10|
|~5|1|5|3|9|1|12|0|9|11|1|10|0|6|2|500|6|10|7|0|0|0|0|0|5|3|6|0|9|60|60|1|1|10|10|10|10|10|
|~6|2|7|5|9|2|12|0|9|11|4|10|1|6|2|500|6|10|7|0|0|0|0|0|6|3|6|0|9|60|60|1|1|10|10|10|10|10|
|~7|8|4|6|9|1|12|0|9|11|4|10|0|6|2|500|6|10|7|0|0|0|0|0|7|3|6|0|9|60|60|1|1|10|10|10|10|10|
|~8|2|5|5|9|2|12|0|9|11|4|10|1|6|2|500|6|10|7|0|0|0|0|0|8|3|6|0|9|60|60|1|1|10|10|10|10|10|
|~9|1|7|7|9|1|12|0|9|11|6|10|0|6|2|500|6|10|7|0|0|0|0|0|9|3|6|0|9|10|0|1|1|10|10|10|10|10|
|~10|8|7|5|9|2|12|0|9|11|6|10|1|6|2|500|6|10|7|0|0|0|0|0|10|3|6|0|9|10|0|1|1|10|10|10|10|10|
|~11|8|5|7|9|1|12|0|9|11|4|10|0|6|2|500|6|10|7|0|0|0|0|0|11|3|6|0|9|10|0|1|1|10|10|10|10|10|
|~12|1|5|5|9|2|12|0|9|11|4|10|1|0|2|500|6|10|7|0|0|0|0|0|12|3|6|0|9|10|0|1|1|10|10|10|10|0|
|~13|2|4|4|9|1|12|0|9|11|1|10|0|6|2|500|6|10|7|0|0|0|0|0|12|3|6|0|9|60|50|1|1|10|10|10|10|10|
|~14|2|7|5|9|2|12|0|9|11|1|10|1|6|2|500|6|10|7|0|0|0|0|0|12|3|6|0|9|60|50|1|1|10|10|10|10|10|
|~15|2|5|3|9|1|12|0|9|11|4|10|0|6|2|500|6|10|7|0|0|0|0|0|12|3|6|0|9|60|50|1|1|10|10|10|10|10|
|~16|1|6|6|9|2|12|0|9|11|1|10|1|6|2|500|6|10|7|0|0|0|0|0|12|3|6|0|9|60|50|1|1|10|10|10|10|10|
|~17|8|5|3|9|1|12|0|9|11|6|10|0|6|2|500|6|10|7|0|0|0|0|0|12|3|6|0|9|60|50|1|1|10|10|10|10|10|
|~18|1|5|9|9|2|12|0|9|11|1|10|1|6|2|500|6|10|7|0|0|0|0|0|12|3|6|0|9|60|50|1|1|10|10|10|10|10|
|~19|2|8|8|9|1|12|0|9|11|1|10|0|6|2|500|6|10|7|0|0|0|0|0|12|3|6|0|9|60|50|1|1|10|10|10|10|10|
|~20|1|5|5|9|2|12|0|9|11|6|10|1|6|2|500|6|10|7|0|0|0|0|0|12|3|6|0|9|60|50|1|1|10|10|10|10|10|
|~21|8|7|7|9|1|12|0|9|11|4|10|0|6|2|600|6|10|7|0|0|0|0|0|12|3|6|0|9|10|20|1|1|10|10|10|10|10|
|~22|1|4|8|9|2|12|0|9|11|1|10|1|6|2|600|6|10|7|0|0|0|0|0|12|3|6|0|9|10|20|1|1|10|10|10|10|10|
|~23|2|5|7|9|1|12|0|9|11|1|10|0|6|2|600|6|10|7|0|0|0|0|0|12|3|6|0|9|10|20|1|1|10|10|10|10|10|
|~24|8|5|5|9|2|12|0|9|11|4|10|1|6|2|600|6|10|7|0|0|0|0|0|12|3|6|0|9|10|20|1|1|10|10|10|10|10|
|~25|2|8|6|9|1|12|0|9|11|1|10|0|6|2|600|6|10|7|0|0|0|0|0|12|3|6|0|9|10|20|1|1|10|10|10|10|10|
|~26|1|7|5|9|2|12|0|9|11|6|10|1|6|2|600|6|10|7|0|0|0|0|0|12|3|6|0|9|10|20|1|1|10|10|10|10|10|
|~27|3|5|7|9|1|12|0|9|11|1|10|0|6|2|600|6|10|7|0|0|0|0|0|12|3|6|0|9|10|20|1|1|10|10|10|10|10|
|~28|1|6|8|9|2|12|0|9|11|4|10|1|0|2|600|6|10|7|0|0|0|0|0|12|3|6|0|9|10|0|1|1|10|10|10|10|0|
|~29|1|7|7|9|1|12|0|9|11|1|10|0|6|2|600|6|10|7|0|0|0|0|0|12|3|6|0|9|10|20|2|1|10|10|10|10|10|
|~30|2|7|5|9|2|12|0|9|11|1|10|1|6|2|600|6|10|7|0|0|0|0|0|12|3|6|0|9|10|20|2|1|10|10|10|10|10|
|~31|2|4|6|9|1|12|0|9|11|1|10|0|6|2|600|6|10|7|0|0|0|0|0|12|3|6|0|9|10|20|2|1|10|10|10|10|10|
|~32|2|5|5|9|2|12|0|9|11|1|10|1|6|2|600|6|10|7|0|0|0|0|0|12|3|6|0|9|10|20|2|1|10|10|10|10|10|
|~33|1|7|7|9|1|12|0|9|11|6|10|0|6|2|600|6|10|7|0|0|0|0|0|12|3|6|0|9|10|20|2|1|10|10|10|10|10|
|~34|8|5|5|9|2|12|0|9|11|1|10|1|6|2|600|6|10|7|0|0|0|0|0|12|3|6|0|9|10|20|2|1|10|10|10|10|10|
|~35|1|5|3|9|1|12|0|9|11|4|10|0|6|2|600|6|10|7|0|0|0|0|0|12|3|6|0|9|10|20|2|1|10|10|10|10|10|
|~36|3|5|3|9|2|12|0|9|11|1|10|1|6|2|600|6|10|7|0|0|0|0|0|12|3|6|0|9|10|20|2|1|10|10|10|10|10|
|~37|2|8|4|9|1|12|0|9|11|6|10|0|6|2|600|6|10|7|0|0|0|0|0|12|3|6|0|9|10|20|2|1|10|10|10|10|10|
|~38|2|7|5|9|2|12|0|9|11|1|10|1|6|2|600|6|10|7|0|0|0|0|0|12|3|6|0|9|10|20|2|1|10|10|10|10|10|
|~39|2|5|7|9|1|12|0|9|11|4|10|0|6|2|600|6|10|7|0|0|0|0|0|12|3|6|0|9|10|20|2|1|10|10|10|10|10|
|~40|1|4|5|9|2|12|0|9|11|6|10|1|6|2|800|6|10|7|0|0|0|0|0|12|3|6|0|9|10|20|2|1|10|10|10|10|10|
|~41|1|7|7|9|1|12|0|9|11|1|10|0|0|2|800|6|10|7|0|0|0|0|0|12|3|6|0|9|10|0|2|1|10|10|10|10|0|
|~42|1|7|5|9|2|12|0|9|11|1|10|1|0|2|800|6|10|7|0|0|0|0|0|12|3|6|0|9|10|0|2|1|10|10|10|10|0|
|~43|8|5|7|9|1|12|0|9|11|1|10|0|6|2|800|6|10|7|0|0|0|0|0|12|3|6|0|9|10|20|2|1|10|10|10|10|10|
|~44|2|5|5|9|2|12|0|9|11|1|10|1|6|2|800|6|10|7|0|0|0|0|0|12|3|6|0|9|10|20|2|1|10|10|10|10|10|
|~45|3|7|7|9|1|12|0|9|11|1|10|0|6|2|800|6|10|7|0|0|0|0|0|12|3|6|0|9|10|20|2|1|10|10|10|10|10|
|~46|2|7|5|9|2|12|0|9|11|1|10|1|6|2|800|6|10|7|0|0|0|0|0|12|3|6|0|9|10|20|2|1|10|10|10|10|10|
|~47|1|5|7|9|1|12|0|9|11|4|10|0|6|2|800|6|10|7|0|0|0|0|0|12|3|6|0|9|10|20|2|1|10|10|10|10|10|
|~48|1|5|5|9|2|12|0|9|11|1|10|1|6|2|800|6|10|7|0|0|0|0|0|12|3|6|0|9|10|20|2|1|10|10|10|10|10|
|~49|8|6|6|9|1|12|0|9|11|1|10|0|6|2|800|6|10|7|0|0|0|0|0|12|3|6|0|9|10|20|2|1|10|10|10|10|10|
|~50|8|7|5|9|2|12|0|9|11|6|10|1|6|2|800|6|10|7|0|0|0|0|0|12|3|6|0|9|10|20|2|1|10|10|10|10|10|
|~51|1|5|7|9|1|12|0|9|11|4|10|0|6|2|800|6|10|7|0|0|0|0|0|12|3|6|0|9|10|20|2|1|10|10|10|10|10|
|~52|1|5|5|9|2|12|0|10|11|1|10|1|0|2|800|6|10|7|0|0|0|0|0|12|3|6|0|9|10|0|2|1|10|10|10|10|0|
|~53|8|5|3|9|1|12|0|10|11|1|10|0|6|2|800|6|10|7|0|0|0|0|0|12|3|6|0|9|10|20|2|1|10|10|10|10|10|
|~54|2|5|3|9|2|12|0|10|11|1|10|1|6|2|800|6|10|7|0|0|0|0|0|12|3|6|0|9|10|20|2|1|10|10|10|10|10|
|~55|3|5|3|9|1|12|0|10|11|1|10|0|6|2|800|6|10|7|0|0|0|0|0|12|3|6|0|9|10|20|2|1|10|10|10|10|10|
|~56|2|5|3|9|2|12|0|10|11|4|10|1|6|2|800|6|10|7|0|0|0|0|0|12|3|6|0|9|10|20|2|1|10|10|10|10|10|
|~57|1|5|3|9|1|12|0|10|11|6|10|0|6|2|800|6|10|7|0|0|0|0|0|12|3|6|0|9|10|20|2|1|10|10|10|10|10|
|~58|8|7|5|9|2|12|0|10|11|4|10|0|6|2|800|6|10|7|0|0|0|0|0|12|3|6|0|9|10|20|2|1|10|10|10|10|10|
|~59|1|5|7|9|1|12|0|10|11|1|10|1|6|2|800|6|10|7|0|0|0|0|0|12|3|6|0|9|10|20|2|1|10|10|10|10|10|
|~60|8|5|5|9|2|12|0|10|11|4|10|0|6|2|800|6|10|7|0|0|0|0|0|12|3|6|0|9|10|20|3|1|10|10|10|10|10|
|~61|2|7|7|9|1|12|0|10|11|1|10|1|6|2|800|6|15|7|0|0|0|0|0|12|3|6|0|9|10|20|3|1|10|10|10|10|10|
|~62|3|7|5|10|2|12|0|10|11|1|10|0|6|2|800|6|15|7|0|0|0|0|0|12|3|6|0|10|10|20|3|1|10|10|10|10|10|
|~63|2|5|7|10|1|12|0|10|11|1|10|1|6|2|800|6|15|7|0|0|0|0|0|12|3|6|0|10|10|20|3|1|10|10|10|10|10|
|~64|1|5|5|10|2|12|0|10|11|1|10|0|6|2|800|6|15|7|0|0|0|0|0|12|3|6|0|10|10|20|3|1|10|10|10|10|10|
|~65|8|7|7|10|1|12|0|10|11|4|10|1|6|2|800|6|15|7|0|0|0|0|0|12|3|6|0|10|10|20|3|1|10|10|10|10|10|
|~66|8|7|5|10|2|12|0|10|11|1|10|0|6|2|800|6|15|7|0|0|0|0|0|12|3|6|0|10|10|20|3|1|10|10|10|10|10|
|~67|1|5|7|10|1|12|0|10|11|4|10|1|6|2|800|6|15|7|0|0|0|0|0|12|3|6|0|10|10|20|3|1|10|10|10|10|10|
|~68|1|5|3|10|2|12|0|10|11|6|10|0|0|2|800|6|15|7|0|0|0|0|0|12|3|6|0|10|10|0|3|1|10|10|10|10|0|
|~69|2|5|3|10|1|12|0|10|11|1|10|1|6|2|800|6|15|7|0|0|0|0|0|12|3|6|0|10|10|20|3|1|10|10|10|10|10|
|~70|3|5|5|10|2|12|0|10|11|1|10|0|6|2|800|6|15|7|0|0|0|0|0|12|3|6|0|10|10|20|3|1|10|10|10|10|10|
|~71|2|5|3|10|1|12|0|10|11|4|10|1|6|2|800|6|15|7|0|0|0|0|0|12|3|6|0|10|10|20|3|1|10|10|10|10|10|
|~72|1|5|5|10|2|12|0|10|11|1|10|0|6|2|800|6|15|7|0|0|0|0|0|12|3|6|0|10|10|20|3|1|10|10|10|10|10|
|~73|1|7|8|10|1|12|0|10|11|1|10|1|6|2|800|6|15|7|0|0|0|0|0|12|3|6|0|10|10|20|3|1|10|10|10|10|10|
|~74|8|7|5|10|2|12|0|10|11|1|10|0|6|2|800|6|15|7|0|0|0|0|0|12|3|6|0|10|10|20|3|1|10|10|10|10|10|
|~75|8|5|7|10|1|12|0|10|11|1|10|1|6|2|800|6|15|7|0|0|0|0|0|12|3|6|0|10|10|20|3|1|10|10|10|10|10|
|~76|1|5|5|10|2|12|0|10|11|1|10|0|2|2|800|6|15|7|0|0|0|0|0|12|3|6|0|10|10|20|3|1|10|10|10|10|10|
|~77|1|7|7|10|1|12|0|10|11|6|10|1|2|2|800|6|15|7|0|0|0|0|0|12|3|6|0|10|10|20|3|1|10|10|10|10|10|
|~78|1|7|5|10|2|12|0|10|11|1|10|0|2|2|800|6|15|7|0|0|0|0|0|12|3|6|0|10|10|20|3|1|10|10|10|10|10|
|~79|2|5|7|10|1|12|0|10|11|1|10|1|2|2|800|6|15|7|0|0|0|0|0|12|3|6|0|10|10|20|3|1|10|10|10|10|10|
|~80|2|5|5|10|2|12|0|10|11|4|10|0|0|2|800|6|15|7|0|0|0|0|0|12|3|6|0|10|10|5|3|1|10|10|10|10|0|
|~81|2|7|7|10|1|12|0|10|11|1|10|1|0|2|800|6|15|7|0|0|0|0|0|12|3|6|0|10|10|5|3|1|10|10|10|10|0|
|~82|1|7|5|10|2|12|0|10|11|1|10|0|0|2|800|6|15|7|0|0|0|0|0|12|3|6|0|10|10|5|3|1|10|10|10|10|0|
|~83|1|6|7|10|1|12|0|10|11|1|10|1|0|2|800|6|15|7|0|0|0|0|0|12|3|6|0|10|10|5|3|1|10|10|10|10|0|
|~84|8|5|5|10|2|12|0|10|11|1|10|0|0|2|800|6|15|7|0|0|0|0|0|12|3|6|0|10|10|5|3|1|10|10|10|10|0|
|~85|1|5|3|10|1|12|0|10|11|1|10|1|0|2|800|6|15|7|0|0|0|0|0|12|3|6|0|10|10|5|3|1|10|10|10|10|0|
|~86|1|5|4|10|2|12|0|10|11|4|10|0|0|2|800|6|15|7|0|0|0|0|0|12|3|6|0|10|10|5|3|1|10|10|10|10|0|
|~87|2|5|3|10|1|12|0|10|11|1|10|0|0|2|800|6|15|7|0|0|0|0|0|12|3|6|0|10|10|5|3|1|10|10|10|10|0|
|~88|2|5|3|10|2|12|0|10|11|4|10|0|0|2|800|6|15|7|0|0|0|0|0|12|3|6|0|10|10|5|3|1|10|10|10|10|0|
|~89|3|5|4|10|1|12|0|10|11|1|10|0|0|2|800|6|15|7|0|0|0|0|0|12|3|6|0|10|0|0|3|1|10|10|10|10|0|
|~90|3|5|4|10|2|12|0|10|11|1|10|0|0|2|800|6|15|7|0|0|0|0|0|12|3|6|0|10|0|0|3|1|10|10|10|10|0|
|~91|3|5|3|10|1|12|0|10|11|1|10|0|0|2|800|6|15|7|0|0|0|0|0|12|3|6|0|10|0|0|3|1|10|10|10|10|0|
|~92|1|5|5|10|2|12|0|10|11|1|10|0|0|2|800|6|15|7|0|0|0|0|0|12|3|6|0|10|0|0|3|1|10|10|10|10|0|
|~93|8|6|6|10|1|12|0|10|11|1|10|0|0|2|800|6|15|7|0|0|0|0|0|12|3|6|0|10|0|0|3|1|10|10|10|10|0|
|~94|8|6|6|10|2|12|0|10|11|1|10|0|0|2|800|6|15|7|0|0|0|0|0|12|3|6|0|10|0|0|3|1|10|10|10|10|0|
|~95|1|6|6|10|1|12|0|10|11|1|10|0|0|2|800|6|15|7|0|0|0|0|0|12|3|6|0|10|0|0|3|1|10|10|10|10|0|
|~96|1|7|7|10|2|12|0|10|11|1|10|0|0|2|800|6|15|7|0|0|0|0|0|12|3|6|0|10|0|0|3|1|10|10|10|10|0|
|~97|1|7|7|10|1|12|0|10|11|1|10|0|0|2|800|6|15|7|0|0|0|0|0|12|3|6|0|10|0|0|3|1|10|10|10|10|0|
|~98|1|7|7|10|2|12|0|10|11|1|10|0|0|2|800|6|15|7|0|0|0|0|0|12|3|6|0|10|0|0|3|1|10|10|10|10|0|
|~99|1|8|8|10|1|12|0|10|11|1|10|0|0|2|800|6|15|7|0|0|0|0|0|12|3|6|0|10|0|0|3|1|10|10|10|10|0|

** けいこ場
|階|地|縦|横|部|幅|モ|店|店ア&br;表|MH|MH&br;種類|迷|埋|水|氷|ギ|ア|罠|店ア|>|>|>|>|仲間|LV|変|ビ|行商|行ア&br;表|水路|湖|店主|店表|池|島|柱|壁|氷&br;部屋|h
|~1|1|4|3|8|1|8|0|1|0|1|10|0|2|2|0|0|6|7|0|0|0|0|0|1|13|13|0|1|10|10|1|1|10|10|10|10|10|
|~2|1|4|3|8|1|8|0|1|0|1|10|0|2|2|0|0|6|7|0|0|0|0|0|1|13|13|0|1|10|10|1|1|10|10|10|10|10|
|~3|1|4|3|8|1|8|0|1|0|1|10|0|2|2|0|0|6|7|0|0|0|0|0|1|13|13|0|1|10|10|1|1|10|10|10|10|10|
|~4|1|4|3|8|1|8|0|1|0|1|10|0|2|2|0|0|6|7|0|0|0|0|0|1|13|13|0|1|10|10|1|1|10|10|10|10|10|
|~5|1|4|3|8|1|8|0|1|0|1|10|0|2|2|0|0|6|7|0|0|0|0|0|1|13|13|0|1|10|10|1|1|10|10|10|10|10|

** 倉庫
|階|地|縦|横|部|幅|モ|店|店ア&br;表|MH|MH&br;種類|迷|埋|水|氷|ギ|ア|罠|店ア|>|>|>|>|仲間|LV|変|ビ|行商|行ア&br;表|水路|湖|店主|店表|池|島|柱|壁|氷&br;部屋|h
|~1|1|4|3|8|1|8|0|1|0|1|10|0|2|2|0|0|0|7|0|0|0|0|0|1|13|13|0|1|10|10|1|1|10|10|10|10|10|
|~2|1|4|3|8|1|8|0|1|0|1|10|0|2|2|0|0|0|7|0|0|0|0|0|1|13|13|0|1|10|10|1|1|10|10|10|10|10|
|~3|1|4|3|8|1|8|0|1|0|1|10|0|2|2|0|0|0|7|0|0|0|0|0|1|13|13|0|1|10|10|1|1|10|10|10|10|10|
|~4|1|4|3|8|1|8|0|1|0|1|10|0|2|2|0|0|0|7|0|0|0|0|0|1|13|13|0|1|10|10|1|1|10|10|10|10|10|
|~5|1|4|3|8|1|8|0|1|0|1|10|0|2|2|0|0|0|7|0|0|0|0|0|1|13|13|0|1|10|10|1|1|10|10|10|10|10|

** 小さな谷
|階|地|縦|横|部|幅|モ|店|店ア&br;表|MH|MH&br;種類|迷|埋|水|氷|ギ|ア|罠|店ア|>|>|>|>|仲間|LV|変|ビ|行商|行ア&br;表|水路|湖|店主|店表|池|島|柱|壁|氷&br;部屋|h
|~1|1|4|3|8|1|0|0|1|0|1|0|0|2|2|250|4|0|7|0|0|0|0|0|1|1|6|0|1|0|0|1|1|0|0|0|0|0|
|~2|1|4|3|8|1|4|0|1|0|1|10|0|2|2|250|4|0|7|0|0|0|0|0|1|1|6|0|1|10|10|1|1|10|10|10|10|10|
|~3|1|4|3|8|1|5|0|1|0|1|10|0|2|2|250|4|0|7|0|0|0|0|0|1|1|6|0|1|10|10|1|1|10|10|10|10|10|
|~4|1|4|3|8|1|5|0|1|0|1|10|0|2|2|250|4|0|7|0|0|0|0|0|1|1|6|0|1|10|10|1|1|10|10|10|10|10|
|~5|1|4|3|8|1|5|0|1|0|1|10|0|2|2|250|4|0|7|0|0|0|0|0|1|1|6|0|1|10|10|1|1|10|10|10|10|10|

** 黄金の間(シュテン山道上級)
|階|地|縦|横|部|幅|モ|店|店ア&br;表|MH|MH&br;種類|迷|埋|水|氷|ギ|ア|罠|店ア|>|>|>|>|仲間|LV|変|ビ|行商|行ア&br;表|水路|湖|店主|店表|池|島|柱|壁|氷&br;部屋|h
|~1|6|3|3|8|1|7|0|1|0|1|0|0|0|0|1000|8|10|7|0|0|0|0|0|1|1|5|0|1|0|0|1|1|0|0|0|0|0|
|~2|6|3|3|8|1|7|0|1|0|1|0|0|0|0|1000|8|10|7|0|0|0|0|0|2|1|5|0|1|0|0|1|1|0|0|0|0|0|
|~3|6|3|3|8|1|7|0|1|0|1|0|0|0|0|1000|8|10|7|0|0|0|0|0|3|1|5|0|1|0|0|1|1|0|0|0|0|0|
|~4|6|3|3|8|1|7|0|1|0|1|0|0|0|0|1000|8|10|7|0|0|0|0|0|4|1|5|0|1|0|0|1|1|0|0|0|0|0|
|~5|6|3|3|8|1|7|0|1|0|1|0|0|0|0|1000|8|10|7|0|0|0|0|0|5|1|5|0|1|0|0|1|1|0|0|0|0|0|

** 黄金の間(鬼ヶ島)
|階|地|縦|横|部|幅|モ|店|店ア&br;表|MH|MH&br;種類|迷|埋|水|氷|ギ|ア|罠|店ア|>|>|>|>|仲間|LV|変|ビ|行商|行ア&br;表|水路|湖|店主|店表|池|島|柱|壁|氷&br;部屋|h
|~1|6|4|3|8|1|11|0|3|0|1|0|0|0|0|1000|8|10|7|0|0|0|0|0|1|2|6|0|2|0|0|1|1|0|0|0|0|0|
|~2|6|4|3|8|1|11|0|3|0|1|0|0|0|0|1000|8|10|7|0|0|0|0|0|2|2|6|0|2|0|0|1|1|0|0|0|0|0|
|~3|6|4|3|8|1|11|0|3|0|1|0|0|0|0|1000|8|10|7|0|0|0|0|0|3|2|6|0|2|0|0|1|1|0|0|0|0|0|
|~4|6|4|3|8|1|11|0|3|0|1|0|0|0|0|1000|8|10|7|0|0|0|0|0|4|2|6|0|2|0|0|1|1|0|0|0|0|0|
|~5|6|4|3|8|1|11|0|3|0|1|0|0|0|0|1000|8|10|7|0|0|0|0|0|5|2|6|0|2|0|0|1|1|0|0|0|0|0|

** 黄金の間(最果てへの道低層)
|階|地|縦|横|部|幅|モ|店|店ア&br;表|MH|MH&br;種類|迷|埋|水|氷|ギ|ア|罠|店ア|>|>|>|>|仲間|LV|変|ビ|行商|行ア&br;表|水路|湖|店主|店表|池|島|柱|壁|氷&br;部屋|h
|~1|8|4|3|8|1|10|0|4|10|11|0|1|0|0|1000|8|15|7|0|0|0|0|0|1|3|7|0|4|10|10|1|1|10|10|10|10|10|
|~2|8|4|3|8|1|10|0|4|10|11|0|1|0|0|1000|8|15|7|0|0|0|0|0|2|3|7|0|4|10|10|1|1|10|10|10|10|10|
|~3|8|4|3|8|1|10|0|4|10|11|0|1|0|0|1000|8|15|7|0|0|0|0|0|3|3|7|0|4|10|10|1|1|10|10|10|10|10|
|~4|8|4|3|8|1|10|0|4|10|11|0|1|0|0|1000|8|15|7|0|0|0|0|0|4|3|7|0|4|10|10|1|1|10|10|10|10|10|
|~5|8|4|3|8|1|10|0|4|10|11|0|1|0|0|1000|8|15|7|0|0|0|0|0|5|3|7|0|4|10|10|1|1|10|10|10|10|10|

** 黄金の間(最果てへの道中層)
|階|地|縦|横|部|幅|モ|店|店ア&br;表|MH|MH&br;種類|迷|埋|水|氷|ギ|ア|罠|店ア|>|>|>|>|仲間|LV|変|ビ|行商|行ア&br;表|水路|湖|店主|店表|池|島|柱|壁|氷&br;部屋|h
|~1|8|4|3|8|1|10|0|5|10|6|0|1|0|0|1000|8|15|7|0|0|0|0|0|1|3|7|0|5|10|10|1|1|10|10|10|10|10|
|~2|8|4|3|8|1|10|0|5|10|6|0|1|0|0|1000|8|15|7|0|0|0|0|0|2|3|7|0|5|10|10|1|1|10|10|10|10|10|
|~3|8|4|3|8|1|10|0|5|10|6|0|1|0|0|1000|8|15|7|0|0|0|0|0|3|3|7|0|5|10|10|1|1|10|10|10|10|10|
|~4|6|4|3|8|1|10|0|5|10|6|0|1|0|0|1000|8|15|7|0|0|0|0|0|4|3|7|0|5|10|10|1|1|10|10|10|10|10|
|~5|8|4|3|8|1|10|0|5|10|6|0|1|0|0|1000|8|15|7|0|0|0|0|0|5|3|7|0|5|10|10|1|1|10|10|10|10|10|

** 黄金の間(最果てへの道深層)
|階|地|縦|横|部|幅|モ|店|店ア&br;表|MH|MH&br;種類|迷|埋|水|氷|ギ|ア|罠|店ア|>|>|>|>|仲間|LV|変|ビ|行商|行ア&br;表|水路|湖|店主|店表|池|島|柱|壁|氷&br;部屋|h
|~1|8|4|3|8|1|10|0|6|10|1|0|1|0|0|1000|8|15|7|0|0|0|0|0|1|3|7|0|6|10|10|1|1|10|10|10|10|10|
|~2|8|4|3|8|1|10|0|6|10|1|0|1|0|0|1000|8|15|7|0|0|0|0|0|2|3|7|0|6|10|10|1|1|10|10|10|10|10|
|~3|8|4|3|8|1|10|0|6|10|1|0|1|0|0|1000|8|15|7|0|0|0|0|0|3|3|7|0|6|10|10|1|1|10|10|10|10|10|
|~4|8|4|3|8|1|10|0|6|10|1|0|1|0|0|1000|8|15|7|0|0|0|0|0|4|3|7|0|6|10|10|1|1|10|10|10|10|10|
|~5|8|4|3|8|1|10|0|6|10|1|0|1|0|0|1000|8|15|7|0|0|0|0|0|5|3|7|0|6|10|10|1|1|10|10|10|10|10|

** 黄金の間(中腹の井戸)
|階|地|縦|横|部|幅|モ|店|店ア&br;表|MH|MH&br;種類|迷|埋|水|氷|ギ|ア|罠|店ア|>|>|>|>|仲間|LV|変|ビ|行商|行ア&br;表|水路|湖|店主|店表|池|島|柱|壁|氷&br;部屋|h
|~1|8|4|3|8|1|10|0|7|10|1|0|1|0|0|1000|8|0|7|0|0|0|0|0|1|4|11|0|7|10|10|1|1|10|10|10|10|10|
|~2|8|4|3|8|1|10|0|7|10|1|0|1|0|0|1000|8|0|7|0|0|0|0|0|2|4|11|0|7|10|10|1|1|10|10|10|10|10|
|~3|8|4|3|8|1|10|0|7|10|1|0|1|0|0|1000|8|0|7|0|0|0|0|0|3|4|11|0|7|10|10|1|1|10|10|10|10|10|
|~4|8|4|3|8|1|10|0|8|10|1|0|1|0|0|1000|8|0|7|0|0|0|0|0|4|4|11|0|7|10|10|1|1|10|10|10|10|10|
|~5|8|4|3|8|1|10|0|8|10|1|0|1|0|0|1000|8|0|7|0|0|0|0|0|5|4|11|0|7|10|10|1|1|10|10|10|10|10|

** 黄金の間(あかずの間低層)
|階|地|縦|横|部|幅|モ|店|店ア&br;表|MH|MH&br;種類|迷|埋|水|氷|ギ|ア|罠|店ア|>|>|>|>|仲間|LV|変|ビ|行商|行ア&br;表|水路|湖|店主|店表|池|島|柱|壁|氷&br;部屋|h
|~1|8|4|3|8|1|10|0|9|10|11|0|1|0|0|1000|8|15|7|0|0|0|0|0|1|3|10|0|9|10|10|1|1|10|10|10|10|10|
|~2|8|4|3|8|1|10|0|9|10|11|0|1|0|0|1000|8|15|7|0|0|0|0|0|2|3|10|0|9|10|10|1|1|10|10|10|10|10|
|~3|8|4|3|8|1|10|0|9|10|11|0|1|0|0|1000|8|15|7|0|0|0|0|0|3|3|10|0|9|10|10|1|1|10|10|10|10|10|
|~4|8|4|3|8|1|10|0|9|10|11|0|1|0|0|1000|8|15|7|0|0|0|0|0|4|3|10|0|9|10|10|1|1|10|10|10|10|10|
|~5|8|4|3|8|1|10|0|9|10|11|0|1|0|0|1000|8|15|7|0|0|0|0|0|5|3|10|0|9|10|10|1|1|10|10|10|10|10|

** 黄金の間(あかずの間深層)
|階|地|縦|横|部|幅|モ|店|店ア&br;表|MH|MH&br;種類|迷|埋|水|氷|ギ|ア|罠|店ア|>|>|>|>|仲間|LV|変|ビ|行商|行ア&br;表|水路|湖|店主|店表|池|島|柱|壁|氷&br;部屋|h
|~1|8|4|3|8|1|10|0|10|10|6|0|1|0|0|1000|8|15|7|0|0|0|0|0|1|3|8|0|10|10|10|1|1|10|10|10|10|10|
|~2|8|4|3|8|1|10|0|10|10|6|0|1|0|0|1000|8|15|7|0|0|0|0|0|2|3|8|0|10|10|10|1|1|10|10|10|10|10|
|~3|8|4|3|8|1|10|0|10|10|6|0|1|0|0|1000|8|15|7|0|0|0|0|0|3|3|8|0|10|10|10|1|1|10|10|10|10|10|
|~4|8|4|3|8|1|10|0|10|10|6|0|1|0|0|1000|8|15|7|0|0|0|0|0|4|3|8|0|10|10|10|1|1|10|10|10|10|10|
|~5|8|4|3|8|1|10|0|10|10|6|0|1|0|0|1000|8|15|7|0|0|0|0|0|5|3|8|0|10|10|10|1|1|10|10|10|10|10|

** ナタネ村
|階|地|縦|横|部|幅|モ|店|店ア&br;表|MH|MH&br;種類|迷|埋|水|氷|ギ|ア|罠|店ア|>|>|>|>|仲間|LV|変|ビ|行商|行ア&br;表|水路|湖|店主|店表|池|島|柱|壁|氷&br;部屋|h
|~1|1|4|3|8|1|8|0|1|0|1|10|0|2|2|0|0|6|7|0|0|0|0|0|1|13|13|0|1|10|10|1|1|10|10|10|10|10|
|~2|1|4|3|8|1|8|0|1|0|1|10|0|2|2|0|0|6|7|0|0|0|0|0|1|13|13|0|1|10|10|1|1|10|10|10|10|10|
|~3|1|4|3|8|1|8|0|1|0|1|10|0|2|2|0|0|6|7|0|0|0|0|0|1|13|13|0|1|10|10|1|1|10|10|10|10|10|
|~4|1|4|3|8|1|8|0|1|0|1|10|0|2|2|0|0|6|7|0|0|0|0|0|1|13|13|0|1|10|10|1|1|10|10|10|10|10|
|~5|1|4|3|8|1|8|0|1|0|1|10|0|2|2|0|0|6|7|0|0|0|0|0|1|13|13|0|1|10|10|1|1|10|10|10|10|10|

